$coord
   -3.68143217125851      5.48154749092271     -1.09311208156770      c
   -5.23607206626087      4.73266792172146     -3.39288988802820      c
   -1.67809570326378      5.73805891620061     -1.65893388027632      h
   -3.80141088343542      4.00871384021297      0.39523622069303      h
   -4.39652343720376      7.29014768092358     -0.31206937358474      h
   -4.30551422664399      2.49971083131980     -4.44476814537633      o
   -7.76278708401961      4.40164459502388     -2.71472387071953      o
   -3.13635956548897      3.05035812918135     -5.79870022780491      h
   -3.46088223428942     -0.95865806721289      2.47365150794731      h
    0.98743859621674      1.32951682079169      1.72985530204352      o
    0.36749504106227     -1.14379453645169      1.01013420707269      c
   -2.47529556968292     -1.47374071925353      0.69451214835813      c
   -2.91044280630249     -3.47074660470309      0.22903480730574      h
    0.93552781934637      2.39398065418485      0.18536323637475      h
   -3.18500111614945     -0.26686712448611     -0.85389165040571      h
    1.63742879688408     -1.81823779327858     -1.20978377301206      o
$user-defined bonds
$end
