$coord
   -7.54042827298253      2.38638312669465     -4.72463953989670      c
  -10.26685496604547      1.79267193850826     -5.24608010142338      c
   -6.45115941742421      2.20122092476277     -6.46598737548041      h
   -6.78721335352045      1.01573099477699     -3.37980532296376      h
   -7.36661820358635      4.28868946807017     -3.97261616026836      h
  -10.61572722788908     -0.48277600515970     -6.19659930674067      o
  -11.98136612186959      3.30012294970310     -4.81602153063084      o
  -12.47236323122447     -0.79813119610438     -6.51279672266060      h
  -20.62070734668649      0.91140676410608     -8.47126079615099      h
  -16.78712024958879      2.40366536644287     -5.66540156735908      o
  -17.13582414158574      0.12835756476626     -6.61633792756750      c
  -19.86230433167995     -0.46614231191501     -7.13653845948188      c
  -20.94807172753300     -0.29340143784693     -5.39164281382868      h
  -14.93047515205700      2.71926614734029     -5.34950450410893      h
  -20.03473038638419     -2.36443533416480     -7.89895313143910      h
  -15.42115662367077     -1.37875866751221     -7.04701404141190      o
$user-defined bonds
$end
