 1.35318
 1.34942
 1.35054
 1.3564
 1.36656
 1.38038
 1.39701
 1.41551
 1.43486
 1.45411
 1.47239
 1.48898
 1.50324
 1.51465
 1.52276
 1.52716
 1.52753
 1.5237
 1.51576
 1.50413
 1.48941
 1.47233
 1.45365
 1.43415
 1.4146
 1.39579
 1.37847
 1.36335
 1.35109
 1.34241
 1.33806
 1.33861
 1.34425
 1.35465
 1.36905
 1.38637
 1.4054
 1.42495
 1.44394
 1.46148
 1.47681
 1.48939
 1.4989
 1.50524
 1.50843
 1.50856
 1.50574
 1.50012
 1.49188
 1.4813
 1.46861
 1.45408
 1.43802
 1.42089
 1.4034
 1.38643
 1.37091
 1.35777
 1.34786
 1.34184
 1.34006
 1.34239
 1.34833
 1.35712
 1.36797
 1.38019
 1.39318
 1.40641
 1.41933
 1.4314
 1.44215
 1.45122
 1.45839
 1.46352
 1.46654
 1.46747
 1.4665
 1.46384
 1.45969
 1.45421
 1.44753
 1.43979
 1.43115
 1.42182
 1.41209
 1.40228
 1.39272
 1.38381
 1.37599
 1.36969
 1.36524
 1.36286
 1.36254
 1.36411
 1.3672
 1.37135
 1.37618
 1.38155
 1.38764
 1.39484
 1.40345
 1.41349
 1.42461
 1.43615
 1.44722
 1.4568
 1.46386
 1.46751
 1.46711
 1.46233
 1.45318
 1.44001
 1.42356
 1.40493
 1.38549
 1.36677
 1.35026
 1.33719
 1.32848
 1.32468
 1.32607
 1.33264
 1.34408
 1.35971
 1.37854
 1.3993
 1.42068
 1.44138
 1.46034
 1.47676
 1.49014
 1.50017
 1.50672
 1.50971
 1.50911
 1.50483
 1.49679
 1.48497
 1.46941
 1.45044
 1.42864
 1.40497
 1.38066
 1.35723
 1.33637
 1.31982
 1.30913
 1.30537
 1.30896
 1.31946
 1.33569
 1.35595
 1.3784
 1.4014
 1.42372
 1.44444
 1.46288
 1.47843
 1.49057
 1.49881
 1.50264
 1.50159
 1.49524
 1.48341
 1.46634
 1.44475
 1.41976
 1.3928
 1.36563
 1.34021
 1.31864
 1.30294
 1.29467
 1.29469
 1.30295
 1.31852
 1.33984
 1.36512
 1.39254
 1.4205
 1.44769
 1.47313
 1.49599
 1.51557
 1.53114
 1.542
 1.54761
 1.54764
 1.5421
 1.53116
 1.51514
 1.49442
 1.4695
 1.44101
 1.40981
 1.37715
 1.34474
 1.31488
 1.29029
 1.27376
 1.26759
 1.27295
 1.28956
 1.3158
 1.3491
 1.38659
 1.42553
 1.46366
 1.49929
 1.53133
 1.55919
 1.5826
 1.60146
 1.61575
 1.62536
 1.63014
 1.62982
 1.62408
 1.61258
 1.59503
 1.57137
 1.54187
 1.50723
 1.46858
 1.42742
 1.38566
 1.34566
 1.31014
 1.28203
 1.26407
 1.25823
 1.26522
 1.28426
 1.31321
 1.34902
 1.38845
 1.4286
 1.46718
 1.50259
 1.53378
 1.56006
 1.58101
 1.59646
 1.60645
 1.61126
 1.61134
 1.60719
 1.59925
 1.58784
 1.57313
 1.55511
 1.53372
 1.50903
 1.48139
 1.45144
 1.42008
 1.38844
 1.35797
 1.33041
 1.3078
 1.29212
 1.28507
 1.2875
 1.29926
 1.3191
 1.34513
 1.37523
 1.40748
 1.44026
 1.4723
 1.5025
 1.52995
 1.55391
 1.57408
 1.59053
 1.60348
 1.61303
 1.61915
 1.62166
 1.62031
 1.61479
 1.6048
 1.59011
 1.57069
 1.54672
 1.51849
 1.48648
 1.45138
 1.41427
 1.37676
 1.34101
 1.30965
 1.28541
 1.27072
 1.26733
 1.27589
 1.29585
 1.32553
 1.36252
 1.40415
 1.44787
 1.49151
 1.53344
 1.57257
 1.60823
 1.64002
 1.66761
 1.69063
 1.7087
 1.72136
 1.72817
 1.72867
 1.7225
 1.70948
 1.68962
 1.66314
 1.63034
 1.59165
 1.54765
 1.49913
 1.44723
 1.39365
 1.34084
 1.29217
 1.25182
 1.2243
 1.21338
 1.22091
 1.24613
 1.28603
 1.33633
 1.39272
 1.45158
 1.51021
 1.56682
 1.62032
 1.67014
 1.71607
 1.75811
 1.7964
 1.83118
 1.8627
 1.89126
 1.91719
 1.94081
 1.96247
 1.98254
 2.00136
 2.01927
 2.03655
 2.05346
 2.07018
 2.0869
 2.10379
 2.12104
 2.13885
 2.15742
 2.17697
 2.19774
 2.21987
 2.24345
 2.26845
 2.29479
 2.32231
 2.35086
 2.38032
 2.41063
 2.44181
 2.47387
 2.50683
 2.54056
 2.57479
 2.60908
 2.64295
 2.6759
 2.70753
 2.73757
 2.76588
 2.79248
 2.81749
 2.84106
 2.86329
 2.88416
 2.90361
 2.92156
 2.93799
 2.95294
 2.96651
 2.97886
 2.99021
 3.00079
 3.01084
 3.0205
 3.02982
 3.03871
 3.04701
 3.05449
 3.06091
 3.06605
 3.06975
 3.07195
 3.0727
 3.07211
 3.07036
 3.06763
 3.06413
 3.06002
 3.05543
 3.05043
 3.04504
 3.03926
 3.03309
 3.02655
 3.01969
 3.01263
 3.00558
 2.99889
 2.99291
 2.98796
 2.98419
 2.98162
 2.98015
 2.9796
 2.97978
 2.98058
 2.98203
 2.98434
 2.9878
 2.99267
 2.99911
 3.0071
 3.01644
 3.02679
 3.0377
 3.04871
 3.05944
 3.06966
 3.07935
 3.08857
 3.09742
 3.10595
 3.11414
 3.12183
 3.12874
 3.13454
 3.13903
 3.14222
 3.14426
 3.14534
 3.14564
 3.14523
 3.14414
 3.14232
 3.13975
 3.13652
 3.13291
 3.12927
 3.12586
 3.12278
 3.11993
 3.11703
 3.11368
 3.10948
 3.10423
 3.09809
 3.09143
 3.0847
 3.07818
 3.07187
 3.06547
 3.05843
 3.05024
 3.0407
 3.03003
 3.0186
 3.00673
 2.99458
 2.98207
 2.96901
 2.95525
 2.94096
 2.92665
 2.91302
 2.90063
 2.88981
 2.88065
 2.87302
 2.8666
 2.86104
 2.85613
 2.85205
 2.84925
 2.84828
 2.84951
 2.85303
 2.85868
 2.8661
 2.87474
 2.88407
 2.89366
 2.90341
