 4.91343737
 4.90836528
 4.9016929
 4.89278632
 4.88134102
 4.86742352
 4.85138891
 4.83374152
 4.81497032
 4.79540767
 4.77516562
 4.7541872
 4.73236825
 4.70965962
 4.68611666
 4.66192854
 4.63742709
 4.61307836
 4.58944911
 4.56714311
 4.54670034
 4.52847671
 4.5125533
 4.49874311
 4.48668505
 4.47597392
 4.46628217
 4.45742349
 4.4493849
 4.44231702
 4.43649298
 4.43219901
 4.42956374
 4.42838667
 4.42806885
 4.42769527
 4.42619279
 4.42249938
 4.41571527
 4.4052259
 4.3908032
 4.37266038
 4.35144973
 4.32817557
 4.30397454
 4.27977876
 4.25604409
 4.23279204
 4.2098919
 4.18730792
 4.16519216
 4.143899
 4.12399504
 4.10625835
 4.09163598
 4.08104645
 4.07506033
 4.07365457
 4.07625649
 4.08196688
 4.08973861
 4.09845715
 4.10699285
 4.11430084
 4.1195696
 4.1223659
 4.12269009
 4.12082972
 4.11703116
 4.11120262
 4.10291371
 4.09166972
 4.07721667
 4.0597276
 4.0398462
 4.01863994
 3.99748725
 3.97790048
 3.96124961
 3.94844751
 3.93980643
 3.93519152
 3.93429999
 3.93684323
 3.9425867
 3.9513147
 3.96278076
 3.97664756
 3.99241363
 4.00931156
 4.02617733
 4.04141118
 4.0531832
 4.0599049
 4.06068317
 4.0554996
 4.0450812
 4.03061895
 4.01349823
 3.99512195
 3.97675688
 3.95936375
 3.94345368
 3.92913729
 3.91635208
 3.90509993
 3.89553515
 3.88795292
 3.88274882
 3.88040018
 3.8814424
 3.88640587
 3.89567885
 3.9093168
 3.9269504
 3.94784448
 3.97105116
 3.99550946
 4.0200653
 4.04345392
 4.06431578
 4.08132092
 4.09337606
 4.09980713
 4.10039601
 4.09532351
 4.08513787
 4.07071431
 4.05311184
 4.03339647
 4.01255202
 3.9914952
 3.9711292
 3.95236345
 3.9360324
 3.92272105
 3.91258802
 3.90535241
 3.90046292
 3.89732067
 3.89543058
 3.89446895
 3.89430973
 3.89503052
 3.8968853
 3.90019941
 3.90521689
 3.91196289
 3.92020057
 3.92946147
 3.93908844
 3.94827889
 3.95614557
 3.96180478
 3.96450074
 3.96373615
 3.95939859
 3.95184294
 3.94177769
 3.93000454
 3.91717891
 3.9036996
 3.8896906
 3.87504794
 3.8595847
 3.84328502
 3.82645175
 3.80954537
 3.79292176
 3.77671958
 3.76089202
 3.74530037
 3.7298142
 3.71438689
 3.6990847
 3.6840868
 3.66968265
 3.6562622
 3.64428807
 3.6342082
 3.62634715
 3.62074117
 3.61697716
 3.6140854
 3.61062331
 3.60494512
 3.59553442
 3.58127515
 3.56165465
 3.53686179
 3.50772065
 3.47546429
 3.44144723
 3.40685564
 3.37250123
 3.33874779
 3.30558598
 3.27277715
 3.2400299
 3.20716555
 3.17423556
 3.14157459
 3.10981095
 3.07981657
 3.05255353
 3.02880711
 3.00901164
 2.99328389
 2.98157071
 2.97375205
 2.96966898
 2.96909661
 2.97170075
 2.97696942
 2.98411811
 2.99196291
 2.99879766
 3.00238431
 3.00022502
 2.99013079
 2.97087335
 2.94257883
 2.90663706
 2.8651797
 2.82050169
 2.77464707
 2.72925573
 2.68553418
 2.64430553
 2.60607465
 2.57111985
 2.53954049
 2.5112811
 2.48616581
 2.46395466
 2.44438651
 2.42721104
 2.41221652
 2.39923841
 2.3881617
 2.37890165
 2.37135601
 2.36536729
 2.36071406
 2.35715169
 2.35447334
 2.35255957
 2.35141386
 2.35116771
 2.35204817
 2.35431493
 2.35819236
 2.36382387
 2.37127821
 2.38056773
 2.39169694
 2.40471088
 2.41972633
 2.4369385
 2.4566126
 2.47904266
 2.5045234
 2.53330064
 2.56553017
 2.60121117
 2.64012194
 2.68179049
 2.72549889
 2.77028607
 2.81492057
 2.85785881
 2.89727956
 2.93128106
 2.95824714
 2.97730801
 2.98861889
 2.99329411
 2.99303828
 2.98973344
 2.98513461
 2.9807331
 2.97773068
 2.97708827
 2.97959888
 2.98594074
 2.99668793
 3.01223464
 3.03266205
 3.05767872
 3.08667909
 3.1189247
 3.15368834
 3.19034776
 3.22842365
 3.26760507
 3.30775134
 3.34886649
 3.39098009
 3.43394176
 3.47721075
 3.51978038
 3.56027578
 3.59715841
 3.62897637
 3.65466188
 3.67382158
 3.68692165
 3.69525466
 3.70065405
 3.70502243
 3.70987629
 3.71614121
 3.72421913
 3.73417158
 3.74587891
 3.75915389
 3.77382226
 3.78979694
 3.80710026
 3.82579586
 3.84584712
 3.86702072
 3.88892468
 3.91113146
 3.93328551
 3.95514515
 3.97659538
 3.99764403
 4.01843142
 4.03923209
 4.06038467
 4.08210342
 4.10426228
 4.12635403
 4.14768082
 4.16760489
 4.18570125
 4.20178422
 4.21587479
 4.22816623
 4.23901691
 4.24892846
 4.25846668
 4.26807852
 4.27790903
 4.28776172
 4.29724333
 4.30594461
 4.31355816
 4.319909
 4.32495861
 4.32881391
 4.33175897
 4.33428376
 4.33705472
 4.34074695
 4.34578039
 4.3521554
 4.35949809
 4.36725126
 4.37485414
 4.38186476
 4.38805439
 4.39349581
 4.39861741
 4.4041426
 4.41085889
 4.41924202
 4.42916357
 4.43994311
 4.45067235
 4.46050941
 4.46882149
 4.47525619
 4.47977823
 4.48268236
 4.48452951
 4.4859815
 4.48753781
 4.48932028
 4.49107325
 4.49236061
 4.4927649
 4.49198454
 4.48991097
 4.48672698
 4.48302656
 4.47980461
 4.47825152
 4.47934674
 4.48343132
 4.49009553
 4.49846142
 4.50757183
 4.51664901
 4.52520453
 4.53307029
 4.54036576
 4.54743728
 4.5547411
 4.56262812
 4.57104737
 4.57945117
 4.58701931
 4.59297311
 4.59674682
 4.59803428
 4.59682969
 4.59351142
 4.58888046
 4.58409896
 4.58045475
 4.57894677
 4.57986743
 4.58274936
 4.58670955
 4.59085826
 4.59453095
 4.59739552
 4.59949316
 4.60122644
 4.60328441
 4.60648714
 4.61148042
 4.6183719
 4.6265997
 4.63516256
 4.64296943
 4.6490604
 4.6527186
 4.65355222
 4.65161585
 4.64752202
 4.64242203
 4.63770249
 4.63443599
 4.63292148
 4.63274284
 4.63317423
 4.63352083
 4.63327225
 4.63218879
 4.63038836
 4.62839052
 4.62707365
 4.62743144
 4.63005925
 4.63473612
 4.64057834
 4.64659048
 4.65205655
 4.65660909
 4.66015972
 4.66279788
 4.66472729
 4.66625234
 4.66776621
 4.66963507
 4.67191713
 4.67415624
 4.67552618
 4.67522087
 4.67277456
 4.66817081
 4.6617817
 4.65426868
 4.64646717
 4.63926848
 4.63347861
 4.62962759
 4.62780093
 4.62764672
 4.62859305
 4.63011884
 4.63189707
 4.63379213
 4.63578961
 4.63797244
 4.64054562
 4.64382241
 4.64812778
 4.65369341
 4.66062506
 4.66896061
 4.67874128
 4.68998383
 4.70258314
 4.71624607
 4.73054219
 4.74502134
 4.75928284
 4.77295661
 4.78566444
 4.79706021
 4.80695888
 4.8154224
 4.82271582
 4.82916057
 4.83500071
 4.84039754
 4.84553742
