 1.46687106
 1.46368494
 1.45638034
 1.44512093
 1.43038491
 1.41302851
 1.39428101
 1.37562264
 1.35857262
 1.34446612
 1.33432554
 1.32883606
 1.32839016
 1.33309694
 1.34275419
 1.35678903
 1.3742885
 1.39407319
 1.41482391
 1.43521752
 1.45406483
 1.4704247
 1.48369241
 1.49356378
 1.49993994
 1.50280978
 1.50216824
 1.49799121
 1.49024151
 1.47890297
 1.46403535
 1.44588093
 1.42499184
 1.40231414
 1.37915711
 1.35707444
 1.33772194
 1.32270023
 1.31337279
 1.31065793
 1.31485272
 1.32554035
 1.34162527
 1.36148827
 1.38329942
 1.40538866
 1.42652891
 1.44592782
 1.46303836
 1.47739258
 1.48855236
 1.49610144
 1.49962099
 1.4986813
 1.49284584
 1.48179086
 1.4655151
 1.44452103
 1.41984402
 1.39292872
 1.36553319
 1.33966171
 1.31746365
 1.30102596
 1.29206137
 1.29157309
 1.29961153
 1.31528371
 1.33704373
 1.36308733
 1.3916289
 1.4210267
 1.44986344
 1.4770071
 1.50159796
 1.52294378
 1.54037935
 1.55320023
 1.56073186
 1.5625269
 1.5584907
 1.54882737
 1.53388126
 1.51404276
 1.4897471
 1.46153318
 1.43012357
 1.39653468
 1.36220984
 1.32914269
 1.29990222
 1.27742141
 1.26450414
 1.26313907
 1.27394257
 1.29598263
 1.32707811
 1.36435155
 1.40481026
 1.44573566
 1.48493432
 1.52083387
 1.55252199
 1.57964414
 1.6021787
 1.62020104
 1.63374594
 1.64274335
 1.64699728
 1.64618601
 1.63987513
 1.62759595
 1.60900002
 1.58407915
 1.55327816
 1.51747131
 1.47784802
 1.43586954
 1.39331911
 1.35238523
 1.31567556
 1.28604564
 1.26623898
 1.25836011
 1.26336236
 1.28072379
 1.30848484
 1.34370018
 1.38312747
 1.42382789
 1.46346687
 1.50035507
 1.53331417
 1.56149355
 1.58427958
 1.60133787
 1.61270385
 1.61875215
 1.62003137
 1.61708281
 1.610326
 1.60001602
 1.58622942
 1.56887054
 1.54776644
 1.52287352
 1.49447483
 1.46326103
 1.43024321
 1.39668387
 1.36411089
 1.33434682
 1.30945786
 1.29155732
 1.28244998
 1.28318913
 1.29373951
 1.31294561
 1.33889094
 1.36941643
 1.40251823
 1.43651023
 1.46999616
 1.501748
 1.53062112
 1.55570905
 1.5766203
 1.59342833
 1.60634683
 1.61550896
 1.62095752
 1.62264407
 1.62041648
 1.61402382
 1.60319475
 1.58776071
 1.56772087
 1.54322474
 1.51453778
 1.48208287
 1.44655427
 1.40908116
 1.3713506
 1.33561682
 1.30454076
 1.28088534
 1.26711781
 1.26496791
 1.27500914
 1.29647708
 1.32744196
 1.36527417
 1.40717019
 1.45058874
 1.49349163
 1.5344209
 1.57244556
 1.60703277
 1.63784818
 1.66459328
 1.68691356
 1.7043853
 1.71653542
 1.72286746
 1.72292889
 1.71640961
 1.70320438
 1.6833882
 1.65717179
 1.62486756
 1.58689777
 1.54383536
 1.49647566
 1.44595842
 1.39394223
 1.34281446
 1.29584094
 1.25709804
 1.23092578
 1.2209265
 1.22885372
 1.25401034
 1.29351466
 1.34329465
 1.39915809
 1.45754113
 1.51576835
 1.57202924
 1.62521392
 1.67472694
 1.72031251
 1.76191953
 1.79963009
 1.83359063
 1.86397252
 1.89094518
 1.91467981
 1.93534045
 1.95309904
 1.96814142
 1.98066994
 1.99089043
 1.99898308
 2.0050776
 2.00924003
 2.01148432
 2.01179911
 2.01014794
 2.00647205
 2.0007098
 1.99281753
 1.98279185
 1.97065299
 1.95639922
 1.93998421
 1.92131855
 1.90028711
 1.87675014
 1.85055074
 1.8215186
 1.78948614
 1.75430124
 1.71585021
 1.67407255
 1.62900332
 1.58085203
 1.53008493
 1.47752432
 1.42445772
 1.37277685
 1.32509689
 1.28469585
 1.25514004
 1.23957348
 1.23982778
 1.25581113
 1.28550249
 1.32556041
 1.37217831
 1.42180465
 1.47152905
 1.51916869
 1.5631709
 1.60245978
 1.63630431
 1.66420979
 1.68585747
 1.70108147
 1.70983782
 1.71219111
 1.70826609
 1.69821722
 1.68221315
 1.66044761
 1.63315524
 1.60063811
 1.56328838
 1.52168021
 1.47671699
 1.42982153
 1.3830806
 1.33924296
 1.30154191
 1.27330137
 1.25731252
 1.25514309
 1.26667587
 1.29016582
 1.32275413
 1.3611927
 1.40240042
 1.44375397
 1.4831814
 1.51916072
 1.5506387
 1.57692938
 1.59762235
 1.61250286
 1.62151432
 1.62473014
 1.6223643
 1.61477704
 1.60246116
 1.58599071
 1.5659618
 1.54297194
 1.51760574
 1.4904541
 1.46213412
 1.43334637
 1.40498109
 1.37823249
 1.35464455
 1.335941
 1.3236794
 1.31889623
 1.32189379
 1.3322069
 1.34873287
 1.36995534
 1.39419501
 1.41981756
 1.44536623
 1.46965322
 1.49183174
 1.51143573
 1.5283171
 1.54250143
 1.55406204
 1.5630481
 1.56945403
 1.57320372
 1.57414315
 1.5720496
 1.56666767
 1.55780415
 1.54546449
 1.5298809
 1.5114445
 1.49060452
 1.46785824
 1.44380392
 1.41920399
 1.39500915
 1.37235994
 1.35257294
 1.33707515
 1.3272025
 1.32388533
 1.32740228
 1.33735055
 1.35279084
 1.37247599
 1.39506449
 1.41929082
 1.44406578
 1.46845786
 1.49167958
 1.51309936
 1.5322748
 1.54892135
 1.56281075
 1.57366677
 1.58116131
 1.58497193
 1.58485057
 1.58065799
 1.57230844
 1.55974194
 1.54298716
 1.52227257
 1.49808614
 1.47113569
 1.44230973
 1.41268305
 1.38356374
 1.35651106
 1.3332935
 1.31570332
 1.30527684
 1.30301021
 1.30919475
 1.3233897
 1.34448393
 1.37083593
 1.40049776
 1.43150745
 1.46217854
 1.49127777
 1.51797688
 1.54166458
 1.56180043
 1.57792522
 1.58972501
 1.59702623
 1.59971862
 1.59769134
 1.59084767
 1.57917746
 1.56283605
 1.5421713
 1.51768431
 1.48999824
 1.45990934
 1.42852616
 1.39738487
 1.36839258
 1.34360281
 1.32493975
 1.31391829
 1.31142412
 1.31758689
 1.33174077
 1.35249555
 1.37800431
 1.40636324
 1.43592525
 1.46534959
 1.49353346
 1.5195403
 1.54260492
 1.56214262
 1.57775367
 1.58919107
 1.59626459
 1.59878827
 1.5966402
 1.58987843
 1.57877635
 1.56373433
 1.54516011
 1.52343966
 1.49896259
 1.47222465
 1.44392289
 1.41499694
 1.38658468
 1.35996041
 1.33655981
 1.31796347
 1.30567558
 1.30075817
 1.30356853
 1.31371406
 1.3302323
 1.35180764
 1.37694519
 1.40408335
 1.43169723
 1.4584102
 1.48306895
 1.50476304
 1.52280604
 1.53669871
 1.54610881
 1.55091305
 1.55122866
 1.54737336
 1.53976189
 1.52880345
 1.51488365
 1.49837675
 1.47965853
 1.45907768
 1.43694753
 1.41364967
 1.3898433
 1.36661583
 1.34540139
 1.3277482
 1.3150938
 1.30859671
 1.30896228
 1.31625611
 1.32980647
 1.34830245
 1.37006598
 1.39337376
 1.41671191
 1.43888829
 1.45902864
