 1.32961411
 1.34755471
 1.37016991
 1.39599555
 1.42355496
 1.45147799
 1.47855427
 1.50372781
 1.5260839
 1.54483649
 1.55935895
 1.56921384
 1.57414016
 1.57403768
 1.56892567
 1.55891982
 1.54423781
 1.52520898
 1.50228528
 1.47606986
 1.44735911
 1.41720757
 1.38701641
 1.35856722
 1.3339553
 1.31534161
 1.3045716
 1.30278836
 1.31017079
 1.32589235
 1.34829831
 1.37525051
 1.40455441
 1.43430757
 1.46305224
 1.48972322
 1.51351068
 1.53376817
 1.54997527
 1.56172998
 1.56873812
 1.57079878
 1.56780826
 1.55977011
 1.54683702
 1.52935467
 1.5078729
 1.48312318
 1.45600624
 1.42760576
 1.39920997
 1.37231245
 1.34853496
 1.32948583
 1.31655429
 1.31074417
 1.31253931
 1.3218094
 1.33777428
 1.35909955
 1.38410973
 1.41104541
 1.43825549
 1.46430218
 1.48800249
 1.50842712
 1.52489126
 1.53697587
 1.54451992
 1.54759899
 1.54646428
 1.54145055
 1.53291471
 1.52120345
 1.50663416
 1.48951029
 1.47014845
 1.44896315
 1.42655662
 1.40382111
 1.38194672
 1.36233226
 1.34637901
 1.33527197
 1.32977866
 1.3301237
 1.33596014
 1.34645228
 1.36044639
 1.37667475
 1.39392279
 1.41112773
 1.42741279
 1.4420801
 1.45458546
 1.46452412
 1.47161704
 1.47569845
 1.47669756
 1.47464308
 1.46969479
 1.46219741
 1.45267461
 1.44178726
 1.43025837
 1.41878996
 1.40798687
 1.39831445
 1.39005948
 1.3833354
 1.37813039
 1.37439849
 1.37215156
 1.37147637
 1.37247476
 1.37518346
 1.37952126
 1.38528351
 1.39216254
 1.39977471
 1.40768059
 1.41540854
 1.42248067
 1.42847942
 1.43312699
 1.4363638
 1.43832424
 1.43925168
 1.43941065
 1.43902896
 1.43826563
 1.43718464
 1.43573085
 1.43373127
 1.43093839
 1.42712297
 1.42220409
 1.4163208
 1.40981142
 1.40311062
 1.39668686
 1.39099653
 1.38646923
 1.38348795
 1.38235952
 1.38327427
 1.38626878
 1.39119231
 1.39773258
 1.40549913
 1.41413403
 1.42336861
 1.43299403
 1.44280779
 1.45256796
 1.46196992
 1.47062931
 1.4780732
 1.48373913
 1.48703771
 1.48748341
 1.48484339
 1.47920479
 1.47090908
 1.46044859
 1.44840279
 1.43543194
 1.42227491
 1.4097248
 1.39858128
 1.38960375
 1.38345102
 1.38057823
 1.38110263
 1.38475948
 1.39098443
 1.39908844
 1.40841785
 1.41845242
 1.42882924
 1.4393004
 1.44963451
 1.45952373
 1.4684541
 1.47602547
 1.48195758
 1.4860972
 1.4883084
 1.48841194
 1.48617987
 1.48138347
 1.4738363
 1.4634218
 1.45015023
 1.43429729
 1.41658431
 1.398208
 1.38064433
 1.36537569
 1.35368057
 1.34650857
 1.34439622
 1.34744286
 1.35535856
 1.36754734
 1.38320659
 1.40139234
 1.42109188
 1.44130099
 1.46109667
 1.47967368
 1.49633826
 1.51049196
 1.52162094
 1.52925094
 1.53295658
 1.53239613
 1.52741356
 1.51816053
 1.50510628
 1.48893369
 1.47042346
 1.45038867
 1.42966092
 1.40909733
 1.38955228
 1.37183997
 1.35670778
 1.34486376
 1.337043
 1.33397367
 1.33616232
 1.34366364
 1.35599538
 1.37223575
 1.39119201
 1.41157373
 1.43215047
 1.451848
 1.46977153
 1.48520014
 1.49760966
 1.50671056
 1.51244079
 1.5148725
 1.51411854
 1.51030756
 1.50360474
 1.49423434
 1.48247631
 1.46861434
 1.45291836
 1.43571135
 1.41750263
 1.39905958
 1.3813154
 1.36527596
 1.35192857
 1.34217032
 1.3366868
 1.33579322
 1.3393172
 1.34663201
 1.35684717
 1.36905033
 1.38244703
 1.39638642
 1.41029658
 1.42363534
 1.43587842
 1.44656263
 1.45536053
 1.46208085
 1.46661683
 1.46890033
 1.46897123
 1.46703662
 1.46337571
 1.45823337
 1.45180088
 1.44425589
 1.4357789
 1.42657561
 1.41690724
 1.40711214
 1.39754889
 1.38856282
 1.38051091
 1.37378314
 1.36873042
 1.36560457
 1.36450041
 1.36533412
 1.36782689
 1.37151829
 1.37587191
 1.38045072
 1.38511924
 1.39014327
 1.39604699
 1.40329362
 1.41202399
 1.42199579
 1.43262541
 1.4430635
 1.45228299
 1.45923235
 1.4629914
 1.46290643
 1.45863853
 1.45015992
 1.43776607
 1.42213182
 1.40431369
 1.38569127
 1.36777248
 1.35197407
 1.33944724
 1.33101874
 1.32722545
 1.32836862
 1.33449646
 1.34534205
 1.36026804
 1.37828284
 1.39814828
 1.41851387
 1.43808191
 1.45578387
 1.47089092
 1.48300589
 1.49197586
 1.49775773
 1.50031282
 1.49956013
 1.495385
 1.48765834
 1.47629142
 1.46132609
 1.44306917
 1.42218786
 1.39971691
 1.37697471
 1.35547067
 1.33680889
 1.32254503
 1.31398915
 1.31198649
 1.31672705
 1.32765926
 1.34355288
 1.36275157
 1.38356597
 1.40463358
 1.42500799
 1.44399558
 1.4609967
 1.47544282
 1.48678607
 1.4944912
 1.49801193
 1.49679314
 1.49035058
 1.47847861
 1.46144273
 1.44001763
 1.41537933
 1.38899823
 1.36260451
 1.33814485
 1.31766756
 1.30309608
 1.29592027
 1.29688853
 1.30586108
 1.32191593
 1.34363755
 1.36937938
 1.39744976
 1.42625842
 1.45445212
 1.48095383
 1.50488331
 1.52543526
 1.54178634
 1.5531462
 1.55892083
 1.55886201
 1.55304161
 1.54170226
 1.52514496
 1.50371201
 1.47782909
 1.44807153
 1.41526867
 1.38062765
 1.34589477
 1.31345935
 1.28627583
 1.2674802
 1.25970553
 1.26438747
 1.28134737
 1.30888039
 1.34424753
 1.38430385
 1.42604516
 1.46695043
 1.50516249
 1.53953357
 1.56953499
 1.59501939
 1.61597966
 1.63238948
 1.64412742
 1.65096021
 1.65254073
 1.64841937
 1.63812026
 1.62126944
 1.59778825
 1.56802756
 1.53275706
 1.49307529
 1.45035514
 1.40628125
 1.36296841
 1.32301307
 1.28940226
 1.26518636
 1.25295605
 1.25422986
 1.26896197
 1.29542694
 1.3306306
 1.37106215
 1.41341495
 1.45501182
 1.49391225
 1.52878707
 1.55873382
 1.58313066
 1.60163806
 1.61426183
 1.62133722
 1.6233971
 1.62099556
 1.61458458
 1.60445926
 1.59074557
 1.5734091
 1.55230873
 1.52737431
 1.49883689
 1.46733415
 1.43385185
 1.39966219
 1.36631009
 1.33563809
 1.30973665
 1.29076592
 1.28060831
 1.28042448
 1.29028312
 1.3090858
 1.33489164
 1.36546209
 1.39870397
 1.4328586
 1.46649586
 1.49836519
 1.52733425
 1.55252948
 1.57361131
 1.59069374
 1.60400245
 1.61367656
 1.61975553
 1.6221894
 1.62083244
 1.61543768
 1.605726
 1.59150299
 1.5727504
 1.54959753
 1.52227258
 1.49112133
 1.4567098
 1.41998746
 1.3824319
 1.3461138
 1.31358362
 1.28760374
 1.27077159
 1.26508914
 1.27151844
 1.28970434
 1.3180504
 1.35412147
 1.39517057
 1.43858725
