 5.70925
 5.71107
 5.71039
 5.70748
 5.7027
 5.69638
 5.68878
 5.68012
 5.67063
 5.66066
 5.65061
 5.64093
 5.63203
 5.6243
 5.618
 5.61332
 5.61037
 5.60922
 5.6099
 5.6123
 5.61616
 5.62106
 5.62646
 5.63178
 5.63644
 5.63991
 5.64182
 5.64192
 5.6401
 5.63625
 5.63012
 5.62145
 5.61011
 5.5963
 5.58056
 5.56366
 5.54646
 5.52976
 5.51417
 5.50004
 5.48755
 5.47666
 5.46729
 5.45927
 5.45239
 5.44642
 5.44116
 5.43638
 5.43183
 5.42726
 5.42242
 5.41717
 5.41138
 5.40488
 5.39736
 5.38847
 5.37793
 5.36562
 5.35163
 5.33622
 5.31977
 5.30272
 5.28557
 5.26877
 5.25269
 5.23755
 5.22354
 5.21084
 5.19967
 5.19023
 5.18265
 5.17688
 5.17266
 5.16956
 5.16699
 5.16422
 5.1604
 5.15467
 5.14643
 5.13543
 5.12186
 5.10629
 5.08966
 5.07295
 5.05698
 5.04217
 5.02854
 5.01592
 5.00408
 4.99281
 4.98204
 4.97181
 4.9623
 4.95383
 4.94679
 4.94152
 4.93815
 4.93655
 4.93625
 4.93655
 4.93679
 4.93642
 4.93515
 4.93289
 4.92972
 4.92586
 4.92147
 4.91655
 4.91078
 4.90363
 4.89452
 4.88315
 4.86955
 4.85405
 4.8372
 4.81953
 4.80145
 4.78314
 4.76455
 4.74552
 4.72586
 4.70543
 4.6842
 4.66229
 4.64001
 4.61783
 4.59633
 4.57607
 4.5575
 4.54085
 4.52615
 4.51322
 4.50182
 4.49166
 4.48253
 4.47436
 4.46725
 4.4614
 4.45709
 4.45445
 4.45338
 4.45345
 4.45393
 4.4539
 4.4523
 4.44812
 4.44047
 4.42878
 4.41286
 4.39301
 4.37001
 4.34491
 4.31882
 4.29256
 4.26658
 4.24101
 4.21591
 4.19143
 4.16789
 4.14579
 4.1258
 4.1088
 4.09567
 4.08712
 4.08336
 4.08416
 4.08884
 4.09654
 4.1062
 4.11671
 4.12692
 4.1358
 4.1425
 4.14657
 4.14783
 4.14626
 4.14179
 4.13417
 4.12309
 4.10847
 4.09056
 4.07008
 4.04809
 4.02589
 4.00487
 3.98631
 3.97121
 3.96013
 3.9532
 3.9503
 3.95116
 3.9555
 3.96304
 3.97347
 3.98642
 4.0014
 4.01768
 4.03424
 4.04975
 4.06258
 4.07118
 4.07444
 4.07195
 4.06407
 4.05168
 4.03596
 4.01812
 3.9993
 3.98048
 3.96243
 3.94572
 3.93074
 3.91776
 3.90702
 3.89873
 3.89312
 3.89044
 3.89096
 3.89497
 3.90276
 3.91448
 3.93006
 3.94909
 3.97078
 3.99409
 4.01777
 4.04042
 4.06055
 4.0767
 4.08769
 4.09286
 4.0922
 4.08625
 4.07593
 4.06225
 4.04622
 4.02869
 4.01038
 3.9919
 3.97385
 3.95681
 3.94139
 3.92812
 3.91736
 3.90915
 3.90323
 3.89915
 3.89644
 3.89473
 3.89382
 3.8937
 3.89451
 3.89646
 3.89977
 3.9046
 3.91094
 3.9186
 3.92713
 3.93583
 3.94382
 3.95013
 3.95388
 3.95443
 3.95156
 3.94555
 3.9371
 3.92701
 3.91597
 3.90441
 3.89251
 3.88016
 3.86715
 3.85334
 3.8387
 3.82334
 3.8074
 3.79104
 3.77446
 3.75785
 3.74146
 3.72551
 3.71023
 3.69579
 3.68241
 3.67036
 3.66
 3.65171
 3.64578
 3.64229
 3.64097
 3.64106
 3.64128
 3.63999
 3.63551
 3.62651
 3.61219
 3.59247
 3.56789
 3.53949
 3.50851
 3.47622
 3.44364
 3.41142
 3.37974
 3.34847
 3.31731
 3.28607
 3.25473
 3.22355
 3.19307
 3.1641
 3.1376
 3.1145
 3.09544
 3.08063
 3.07001
 3.06335
 3.06038
 3.06077
 3.06412
 3.06983
 3.07707
 3.08465
 3.09088
 3.09355
 3.09017
 3.07849
 3.05723
 3.02654
 2.9879
 2.94355
 2.89588
 2.84703
 2.79867
 2.75208
 2.70808
 2.66717
 2.62952
 2.59509
 2.56366
 2.53495
 2.5086
 2.48426
 2.46159
 2.44034
 2.42025
 2.40115
 2.38284
 2.3651
 2.3477
 2.33039
 2.31293
 2.29512
 2.27683
 2.25798
 2.23853
 2.21849
 2.19786
 2.1766
 2.15464
 2.13191
 2.10839
 2.08406
 2.05899
 2.03327
 2.00702
 1.98038
 1.95346
 1.92638
 1.89931
 1.87246
 1.84613
 1.82073
 1.79667
 1.77439
 1.75424
 1.73655
 1.72154
 1.70933
 1.69998
 1.6935
 1.68986
 1.68901
 1.69081
 1.69503
 1.70134
 1.70934
 1.7186
 1.72873
 1.73936
 1.75025
 1.76122
 1.77218
 1.78317
 1.79425
 1.80554
 1.81711
 1.82904
 1.84136
 1.85406
 1.86708
 1.88033
 1.89368
 1.907
 1.92018
 1.93312
 1.94574
 1.95797
 1.96973
 1.98097
 1.9916
 2.00151
 2.01056
 2.01858
 2.0254
 2.03088
 2.03497
 2.03765
 2.03893
 2.03884
 2.03735
 2.03441
 2.02989
 2.02362
 2.01545
 2.00533
 1.99335
 1.97972
 1.96471
 1.94859
 1.93159
 1.91392
 1.89571
 1.87709
 1.85816
 1.83913
 1.82033
 1.80218
 1.78513
 1.76955
 1.75575
 1.74392
 1.73417
 1.72654
 1.72101
 1.71757
 1.71619
 1.71674
 1.719
 1.7226
 1.72715
 1.73222
 1.73744
 1.74252
 1.7473
 1.75182
 1.75626
 1.76087
 1.7659
 1.77149
 1.77764
 1.78418
 1.79084
 1.79743
 1.80399
 1.81078
 1.81808
 1.82601
 1.83451
 1.84324
 1.85175
 1.8597
 1.867
 1.87385
 1.88047
 1.88698
 1.89332
 1.89935
 1.9049
 1.90988
 1.91434
 1.91846
 1.92238
 1.92621
 1.93001
 1.93376
 1.93744
 1.94099
 1.94433
 1.94738
 1.95003
 1.95221
 1.95386
 1.95501
 1.95572
 1.95607
 1.95614
 1.95596
 1.95548
 1.95462
 1.95334
