 5.58559317
 5.57536807
 5.5623356
 5.54670802
 5.52908506
 5.51033624
 5.49144511
 5.4733444
 5.45677361
 5.44219953
 5.42980648
 5.4195458
 5.41120062
 5.40444722
 5.39892064
 5.39426725
 5.39017469
 5.38637892
 5.38264604
 5.37877165
 5.37460536
 5.37006239
 5.36505658
 5.35937256
 5.35262496
 5.34436955
 5.33426141
 5.32215319
 5.30812436
 5.29245637
 5.27559681
 5.25811515
 5.24063362
 5.22371122
 5.20774361
 5.19297354
 5.17959254
 5.16780127
 5.15782285
 5.14986219
 5.14402761
 5.14024801
 5.13823246
 5.13750717
 5.13743194
 5.13716883
 5.13572132
 5.13213158
 5.12571696
 5.11620739
 5.10380625
 5.08919017
 5.07341486
 5.05763772
 5.04271113
 5.02894823
 5.01621623
 5.00421032
 4.99265328
 4.98139645
 4.97043302
 4.9599065
 4.95011752
 4.94152554
 4.93466492
 4.9299658
 4.92754611
 4.92711689
 4.92802855
 4.92946514
 4.93068071
 4.93114782
 4.93059657
 4.9289917
 4.92649427
 4.92338225
 4.91986822
 4.91585521
 4.91082739
 4.90401873
 4.8947674
 4.88276252
 4.86811716
 4.85128836
 4.83292785
 4.81369494
 4.79406993
 4.77425015
 4.75417929
 4.73368175
 4.71259152
 4.6908301
 4.6684527
 4.64567746
 4.62289697
 4.60064998
 4.57956091
 4.56021443
 4.54300209
 4.52800231
 4.51499662
 4.50358532
 4.49333437
 4.48388514
 4.47503146
 4.46673997
 4.45916089
 4.45259819
 4.44740723
 4.44381003
 4.4416967
 4.44054781
 4.43952472
 4.43763203
 4.43387605
 4.42737956
 4.41749372
 4.4038938
 4.38665989
 4.36630106
 4.34370424
 4.3199406
 4.29592589
 4.27212223
 4.24855188
 4.22507316
 4.20163891
 4.17840128
 4.15571716
 4.13415592
 4.11450498
 4.09774438
 4.08487363
 4.07658139
 4.07296661
 4.07354914
 4.07751286
 4.08389895
 4.09169078
 4.0998504
 4.1073891
 4.11348596
 4.11762588
 4.11966089
 4.11970759
 4.1178635
 4.1139184
 4.10734579
 4.09756524
 4.08426035
 4.06756773
 4.04811484
 4.0269691
 4.00551487
 3.98528731
 3.96772019
 3.95382312
 3.94400892
 3.9382054
 3.93614156
 3.93754255
 3.94219046
 3.94989332
 3.96043764
 3.97352704
 3.98871613
 4.00530716
 4.02222217
 4.03793147
 4.05061291
 4.05858378
 4.06078457
 4.05701376
 4.04785209
 4.03439878
 4.0179989
 4.00004002
 3.98180065
 3.96426728
 3.9479898
 3.93311249
 3.91960758
 3.90751233
 3.89702837
 3.88850257
 3.88237787
 3.87916777
 3.87943145
 3.88372274
 3.89246095
 3.90575991
 3.92332438
 3.94448025
 3.96830153
 3.99372214
 4.01955437
 4.04446397
 4.06698224
 4.0856134
 4.09907475
 4.10652952
 4.107684
 4.10274393
 4.09234029
 4.07744535
 4.05919924
 4.03871996
 4.0170094
 3.99497987
 3.97352514
 3.9535531
 3.93591502
 3.92123157
 3.90972373
 3.90118917
 3.89514468
 3.89104057
 3.88840735
 3.88692829
 3.88647178
 3.88710487
 3.8890725
 3.89270024
 3.89821252
 3.90558152
 3.91448991
 3.92436475
 3.93444061
 3.94381938
 3.95154217
 3.95670125
 3.95857897
 3.95677594
 3.95128942
 3.94254308
 3.93129256
 3.91837227
 3.90445894
 3.88995991
 3.87500182
 3.85948431
 3.84322713
 3.82620985
 3.80869747
 3.79108565
 3.77367365
 3.75657703
 3.7397636
 3.72313261
 3.70660546
 3.69018956
 3.67400236
 3.65825617
 3.64323635
 3.62930949
 3.61690819
 3.60647081
 3.59832624
 3.59255148
 3.58880559
 3.58621823
 3.58343459
 3.5788517
 3.57093758
 3.55850531
 3.54092707
 3.51825396
 3.49117132
 3.4607958
 3.42839864
 3.39515183
 3.36192949
 3.32921985
 3.29712816
 3.26546531
 3.233896
 3.2021363
 3.17011678
 3.13806647
 3.10652285
 3.0763082
 3.04838913
 3.02365115
 3.00269663
 2.98580081
 2.97301028
 2.9642504
 2.95938093
 2.95820194
 2.96043601
 2.96566992
 2.97327185
 2.98226399
 2.99117518
 2.99794889
 3.00006911
 2.99500946
 2.98090522
 2.95717273
 2.92468945
 2.88542126
 2.84177902
 2.7960703
 2.75020547
 2.7056149
 2.66327768
 2.62381029
 2.58757379
 2.55472638
 2.52524872
 2.49898386
 2.47569732
 2.45512207
 2.43700392
 2.42111771
 2.40728595
 2.39539397
 2.38535975
 2.37708841
 2.37041989
 2.36512538
 2.36094285
 2.35764581
 2.35510901
 2.35333211
 2.35244648
 2.35268533
 2.35431493
 2.35756508
 2.3625836
 2.36943393
 2.37812582
 2.38866054
 2.40108226
 2.41550643
 2.43212913
 2.45120851
 2.47303954
 2.49790822
 2.52605664
 2.55763553
 2.59264733
 2.63088105
 2.67188125
 2.71496331
 2.75921987
 2.80349141
 2.84631538
 2.88593885
 2.92046995
 2.94823182
 2.96821911
 2.98042079
 2.98580755
 2.98600998
 2.98290823
 2.97831464
 2.97379688
 2.9706327
 2.96983551
 2.97222337
 2.97848153
 2.98918521
 3.00474208
 3.02527623
 3.05053099
 3.07992167
 3.11270051
 3.14811847
 3.18552265
 3.22440058
 3.26439948
 3.30533232
 3.34715375
 3.38985289
 3.43325588
 3.47680382
 3.51946529
 3.55982975
 3.59632366
 3.62748388
 3.65227159
 3.67035907
 3.68230136
 3.68948108
 3.6938123
 3.69725471
 3.7013597
 3.70705833
 3.71473
 3.72439817
 3.73589982
 3.74900003
 3.76349247
 3.77927539
 3.79637875
 3.814883
 3.83476752
 3.85579779
 3.87755943
 3.89959046
 3.92149057
 3.94297552
 3.96388611
 3.98418819
 4.003985
 4.02353899
 4.04321892
 4.06332607
 4.08384487
 4.10435894
 4.12421139
 4.14277285
 4.15961056
 4.17452058
 4.18749466
 4.19869628
 4.20847518
 4.21737603
 4.2260629
 4.23510448
 4.24471681
 4.25467816
 4.26449495
 4.27364265
 4.28171723
 4.28847089
 4.29381097
 4.29781027
 4.30074881
 4.30315987
 4.30581118
 4.30951443
 4.31479455
 4.32165857
 4.32964834
 4.33809199
 4.34632335
 4.35382328
 4.36031441
 4.36586372
 4.37092802
 4.3763028
 4.38287623
 4.39122899
 4.4012788
 4.41231872
 4.42337513
 4.43354121
 4.44214416
 4.44881005
 4.45349252
 4.45646924
 4.45828511
 4.45960993
 4.46101161
 4.46272143
 4.46458088
 4.46619318
 4.46713292
 4.46707293
 4.46588429
 4.46375329
 4.4612729
 4.45941518
 4.45931906
 4.46191572
 4.46753188
 4.47574933
 4.48565099
 4.49622738
 4.50665479
 4.5164288
 4.52537287
 4.5335822
 4.54136159
 4.54913929
 4.55729669
 4.56588587
 4.57447313
 4.5822966
 4.58856744
 4.59268246
 4.5942998
 4.59339634
 4.59034452
 4.58594454
 4.58136165
 4.5779221
 4.5767175
 4.57815575
 4.58183288
 4.58685673
 4.59227205
 4.59733182
 4.60161163
 4.60505162
 4.60794326
 4.6108698
 4.61458358
 4.61974288
