 1.48122502
 1.47789788
 1.47162582
 1.46294885
 1.45256411
 1.4412377
 1.42972305
 1.41867888
 1.4086186
 1.39986348
 1.3925332
 1.38657201
 1.3818515
 1.37829876
 1.37596428
 1.37497943
 1.37546278
 1.37745279
 1.38088582
 1.3855973
 1.39133916
 1.39778335
 1.40452937
 1.41111958
 1.41710349
 1.42214582
 1.42612626
 1.42913815
 1.4313889
 1.43309582
 1.43442979
 1.43548723
 1.43627273
 1.4366814
 1.43648539
 1.43538218
 1.43308532
 1.42944995
 1.42455823
 1.41868916
 1.41221525
 1.40552413
 1.39899901
 1.39301871
 1.38797918
 1.3842786
 1.38228937
 1.38228824
 1.38438932
 1.38850108
 1.39438051
 1.40172484
 1.41025577
 1.41972101
 1.42985484
 1.440345
 1.45082216
 1.4608487
 1.46991891
 1.47746915
 1.48291761
 1.48576197
 1.48569425
 1.48266733
 1.47686572
 1.46861828
 1.45834795
 1.44656378
 1.43387479
 1.42099789
 1.40872479
 1.39787243
 1.38922156
 1.38343113
 1.38089672
 1.38165263
 1.38537015
 1.39147259
 1.39930328
 1.40826797
 1.41791355
 1.42793348
 1.43810878
 1.44821318
 1.45794872
 1.46697092
 1.47497484
 1.48161556
 1.4866769
 1.48989949
 1.49095616
 1.48949407
 1.48518028
 1.47774416
 1.46702297
 1.45308449
 1.43640614
 1.41796976
 1.39914458
 1.38143566
 1.36626413
 1.35482291
 1.34797145
 1.34616838
 1.34946957
 1.35760361
 1.37003582
 1.38602502
 1.40464689
 1.42484594
 1.44555289
 1.46577025
 1.48462727
 1.50138253
 1.51541513
 1.52619649
 1.53326417
 1.53622405
 1.53482389
 1.5290726
 1.51929288
 1.50603768
 1.48996367
 1.47175834
 1.45212968
 1.43181534
 1.41156972
 1.39214413
 1.37425618
 1.35862639
 1.34606002
 1.33748891
 1.33379998
 1.33555458
 1.34278294
 1.35496142
 1.37112903
 1.39005005
 1.41041564
 1.43099075
 1.45070405
 1.46867584
 1.48421617
 1.4968481
 1.50632207
 1.51254359
 1.51549323
 1.51518288
 1.51167125
 1.50508907
 1.495654
 1.48363293
 1.46930993
 1.45301328
 1.43521765
 1.41662146
 1.39809205
 1.38057216
 1.36499001
 1.35222608
 1.34306193
 1.33806371
 1.33743046
 1.34091496
 1.34791343
 1.35766593
 1.36942191
 1.38250191
 1.39627524
 1.41012983
 1.42346033
 1.43568456
 1.4463083
 1.45498157
 1.4615048
 1.46577935
 1.46783205
 1.46785611
 1.46614203
 1.46293899
 1.45840544
 1.452649
 1.44577953
 1.43791983
 1.4292173
 1.41987302
 1.41016008
 1.40040404
 1.39098586
 1.38235255
 1.37496127
 1.36919737
 1.36531043
 1.36339121
 1.36335179
 1.36491703
 1.36766975
 1.37117919
 1.37519588
 1.37981534
 1.38545937
 1.39262602
 1.40158847
 1.41223656
 1.42409868
 1.43639622
 1.44813243
 1.4582042
 1.46554712
 1.4693014
 1.46887501
 1.46398698
 1.45466291
 1.44126582
 1.4245458
 1.40562418
 1.38590241
 1.36691482
 1.35011658
 1.33672379
 1.32764525
 1.32350818
 1.32467502
 1.33121969
 1.34285448
 1.35886375
 1.37816427
 1.39942005
 1.42120596
 1.44218145
 1.46126154
 1.47768774
 1.491016
 1.50103177
 1.50764972
 1.51083168
 1.51051751
 1.5066126
 1.49900341
 1.48760113
 1.47243205
 1.4537604
 1.43217951
 1.40861493
 1.3842883
 1.36067703
 1.33945719
 1.32235626
 1.3109323
 1.30631543
 1.30895796
 1.31850221
 1.33381904
 1.35324487
 1.37497194
 1.39741036
 1.41934722
 1.439878
 1.45827198
 1.47389877
 1.48618948
 1.49461311
 1.49864951
 1.4977746
 1.49155101
 1.47980796
 1.46281912
 1.44133868
 1.41651726
 1.38982352
 1.36300456
 1.33804403
 1.31704035
 1.30197346
 1.29438714
 1.29507902
 1.30393095
 1.31997154
 1.34164831
 1.36715092
 1.39467641
 1.42262439
 1.44970414
 1.47492815
 1.49751835
 1.51676949
 1.53195797
 1.54237723
 1.54747177
 1.54696218
 1.54086283
 1.52938248
 1.51283926
 1.49161553
 1.46619037
 1.43720459
 1.40555029
 1.37250244
 1.33985383
 1.30996711
 1.28565191
 1.26976945
 1.26460764
 1.2712714
 1.28936162
 1.31710415
 1.35182854
 1.39056145
 1.43051995
 1.46941065
 1.505556
 1.53788095
 1.56582198
 1.58916451
 1.60786284
 1.62190741
 1.63122283
 1.63564841
 1.63493051
 1.62873506
 1.61670215
 1.59854442
 1.57418205
 1.54389954
 1.50841575
 1.46888007
 1.42684237
 1.38426078
 1.34353355
 1.30747075
 1.27907867
 1.26113109
 1.25560648
 1.26318168
 1.2829882
 1.31276658
 1.34938954
 1.3895292
 1.43022026
 1.46915211
 1.50470355
 1.53581527
 1.5618239
 1.58232429
 1.59713913
 1.60633279
 1.61021138
 1.60926526
 1.60404796
 1.5950664
 1.58268731
 1.56712244
 1.54841625
 1.5265466
 1.50159788
 1.47393605
 1.44425225
 1.41349419
 1.38284035
 1.35372002
 1.32783062
 1.30705294
 1.29323131
 1.28783561
 1.29158732
 1.30420013
 1.32440741
 1.35030447
 1.37984033
 1.41116887
 1.44280785
 1.47360423
 1.50262906
 1.52905987
 1.55217933
 1.57153612
 1.58708431
 1.599027
 1.60755763
 1.61272092
 1.61442262
 1.61246614
 1.6065784
 1.59645223
 1.58180856
 1.56251931
 1.53867409
 1.5105735
 1.47871475
 1.44385803
 1.40717928
 1.37039524
 1.33577565
 1.30596241
 1.28361771
 1.27098084
 1.26948715
 1.27952836
 1.30038211
 1.33036625
 1.36717206
 1.40827606
 1.45128927
 1.49420076
 1.53551572
 1.57423273
 1.60971453
 1.64152546
 1.66929222
 1.69262543
 1.71108565
 1.72420192
 1.73148771
 1.73248255
 1.72682256
 1.71432211
 1.69500792
 1.66907069
 1.63681149
 1.59862141
 1.55502232
 1.50675807
 1.45492577
 1.40116192
 1.34784574
 1.29826025
 1.25654812
 1.2272339
 1.21421057
 1.2195295
 1.24267329
 1.28080683
 1.32979834
 1.38536545
 1.44386493
 1.50258029
 1.55966725
 1.61397101
 1.66484658
 1.7119761
 1.75526428
 1.79475512
 1.83060694
 1.86305271
 1.89237989
 1.91890003
 1.94295405
 1.9648897
 1.98506047
 2.00379942
 2.02140585
 2.03813783
 2.05421373
 2.0698303
 2.08516584
 2.10039564
 2.115703
 2.13128153
 2.14733157
 2.16406818
 2.18168595
 2.20035393
 2.22019551
 2.24129451
 2.26368002
 2.28735056
 2.31228
 2.33844469
 2.36584153
 2.39450005
 2.42444586
 2.45565569
 2.48800821
 2.52127013
 2.5550928
 2.58905126
 2.62266561
 2.65547313
 2.68708541
 2.71723627
 2.74579307
 2.77273668
 2.79810395
 2.8219085
 2.84409821
 2.86456695
 2.88320007
 2.89993134
 2.91476533
 2.92778912
 2.93917741
 2.94918159
 2.95810577
 2.96625469
 2.97387118
 2.98109541
 2.98795118
 2.99438498
 3.00029722
 3.00555733
 3.0100114
