 5.91038197
 5.91898413
 5.92858956
 5.93875635
 5.948989
 5.95880171
 5.96777854
 5.97562235
 5.98217724
 5.98742982
 5.99148406
 5.99450568
 5.99665816
 5.99804836
 5.99871686
 5.99865643
 5.99782945
 5.99618432
 5.99366912
 5.99025197
 5.9859236
 5.98070589
 5.97466579
 5.96793827
 5.96071975
 5.9532127
 5.94552327
 5.93762729
 5.92943339
 5.92087017
 5.9119503
 5.90279548
 5.89363705
 5.88479247
 5.87662101
 5.86943089
 5.86339981
 5.85854576
 5.85478837
 5.85203123
 5.85019121
 5.84917048
 5.84881717
 5.8489149
 5.84918003
 5.84926685
 5.84877332
 5.84728212
 5.84441781
 5.83991203
 5.83362173
 5.82550122
 5.81556974
 5.80392042
 5.79074047
 5.77631985
 5.76104129
 5.74536244
 5.7297866
 5.71483366
 5.70100541
 5.68875719
 5.67848202
 5.67052573
 5.66521501
 5.66284662
 5.66363627
 5.66763463
 5.67465644
 5.68423416
 5.69564507
 5.70799172
 5.7203244
 5.73176567
 5.74159898
 5.7493088
 5.75459927
 5.75738165
 5.75773452
 5.7558296
 5.75184779
 5.74593028
 5.73819746
 5.72882903
 5.71812202
 5.70648132
 5.69437845
 5.68237031
 5.67105463
 5.66110862
 5.65325273
 5.64815529
 5.64629807
 5.64784894
 5.6526316
 5.66018381
 5.66981701
 5.68066526
 5.69175237
 5.70210331
 5.71085676
 5.71736012
 5.72123442
 5.72240899
 5.72107826
 5.71758283
 5.71226062
 5.70535322
 5.69704049
 5.6875444
 5.67719882
 5.66644226
 5.65577824
 5.64571819
 5.63671846
 5.62912364
 5.62314835
 5.61890817
 5.61648741
 5.6159519
 5.6172916
 5.62035559
 5.62484831
 5.63035656
 5.63637942
 5.64235896
 5.64772946
 5.65198841
 5.65476205
 5.65580303
 5.65488023
 5.65164424
 5.64565522
 5.63659299
 5.62446883
 5.60969459
 5.59301308
 5.57534936
 5.55762353
 5.54059438
 5.52477739
 5.51043429
 5.49763615
 5.48633104
 5.47639241
 5.46765715
 5.45995163
 5.45311926
 5.44701104
 5.44145925
 5.43625455
 5.43116432
 5.42598235
 5.42053189
 5.41459285
 5.40782028
 5.39978684
 5.39011214
 5.37858299
 5.36520464
 5.35019071
 5.33391193
 5.31682511
 5.29942853
 5.28220428
 5.26553407
 5.24966728
 5.23478391
 5.22107926
 5.20878987
 5.19818191
 5.18950066
 5.18288132
 5.17825665
 5.17532234
 5.17356975
 5.17227833
 5.17050323
 5.1672042
 5.16148608
 5.15279737
 5.14101757
 5.12647979
 5.10994367
 5.09245454
 5.07506359
 5.05851053
 5.04309388
 5.02877152
 5.01534489
 5.00261918
 4.99048846
 4.97896971
 4.9682078
 4.95847996
 4.95017363
 4.94369242
 4.93931015
 4.93702456
 4.93648363
 4.93702406
 4.9378627
 4.93832461
 4.93797806
 4.93663584
 4.93433164
 4.93126385
 4.9276987
 4.92379461
 4.91940682
 4.91402989
 4.90697501
 4.897673
 4.88590063
 4.87182682
 4.85593207
 4.83885771
 4.82121754
 4.80342447
 4.78559898
 4.76760341
 4.74916616
 4.73000705
 4.70991262
 4.68880571
 4.66681199
 4.64427973
 4.6217566
 4.59990752
 4.57938356
 4.56066324
 4.54395637
 4.52920446
 4.51616107
 4.50449114
 4.49388374
 4.48414769
 4.47526193
 4.46738856
 4.46083343
 4.45593885
 4.45290739
 4.4516345
 4.45165909
 4.45221583
 4.45234023
 4.45097081
 4.44706769
 4.43974467
 4.4284036
 4.41285557
 4.39338923
 4.37075485
 4.34601225
 4.32023752
 4.29420065
 4.2682587
 4.24250991
 4.21702187
 4.19197836
 4.16773143
 4.14482607
 4.12401232
 4.10621626
 4.09239351
 4.08325154
 4.07900221
 4.07933323
 4.08356358
 4.09079366
 4.09999621
 4.11006075
 4.1198668
 4.12839646
 4.13487436
 4.13886138
 4.14021789
 4.13890521
 4.1347481
 4.12736826
 4.11635536
 4.10154436
 4.08320616
 4.06208905
 4.03933604
 4.01634262
 3.99459384
 3.97545666
 3.95995822
 3.94864492
 3.94161269
 3.9386831
 3.93957758
 3.94401337
 3.95171471
 3.96237916
 3.97563154
 3.99095613
 4.00761433
 4.02455018
 4.04033723
 4.05327844
 4.06174614
 4.06461876
 4.06156817
 4.05304727
 4.04005225
 4.02383547
 4.00566952
 3.98670282
 3.96787198
 3.94986373
 3.93313833
 3.91800505
 3.90471839
 3.89353731
 3.88474822
 3.87865122
 3.87555988
 3.87580575
 3.87972585
 3.88761942
 3.89965128
 3.91570923
 3.93531583
 3.95763496
 3.98156239
 4.00580873
 4.02893673
 4.04941588
 4.06575649
 4.07676204
 4.08178984
 4.08087573
 4.07463302
 4.06401313
 4.05007241
 4.03382537
 4.01614894
 3.99776891
 3.97930737
 3.96136003
 3.94453716
 3.9294581
 3.91667282
 3.90652814
 3.89905133
 3.89394292
 3.89070719
 3.88882148
 3.88787076
 3.88760888
 3.88798325
 3.88910752
 3.89117904
 3.89437808
 3.8987925
 3.90438237
 3.9109299
 3.91801598
 3.92502497
 3.93120565
 3.93577266
 3.93802973
 3.93748837
 3.93400177
 3.92784771
 3.91966458
 3.91021457
 3.90015622
 3.88990279
 3.87959267
 3.86912037
 3.85823541
 3.84670428
 3.83444585
 3.82152734
 3.80807578
 3.7942237
 3.78011053
 3.76588606
 3.75170938
 3.73775862
 3.72421791
 3.71127753
 3.69914083
 3.68807171
 3.67842537
 3.67060379
 3.66494579
 3.66158011
 3.66027738
 3.66031038
 3.66041303
 3.65895294
 3.65430109
 3.64520028
 3.63098547
 3.61164648
 3.58774779
 3.5602676
 3.53039663
 3.49931755
 3.46798252
 3.43692911
 3.40626096
 3.37579598
 3.34527054
 3.31449602
 3.28346769
 3.25242504
 3.22188323
 3.19263646
 3.16568173
 3.14201614
 3.12236313
 3.10701814
 3.09593978
 3.08893998
 3.08579202
 3.08622732
 3.08987715
 3.09619569
 3.10436835
 3.11320041
 3.12099378
 3.12550221
 3.12413583
 3.11453672
 3.09531954
 3.06654183
 3.02960099
 2.98668616
 2.94015617
 2.892106
 2.84420578
 2.79769625
 2.75343813
 2.71196795
 2.67356742
 2.63833324
 2.60622094
 2.57705763
 2.5505668
 2.52639749
 2.50416976
 2.48350934
 2.46407485
 2.44556194
 2.42770214
 2.4102601
 2.3930338
 2.37585056
 2.3585524
 2.34099925
 2.32307903
 2.30471413
 2.28587239
 2.26655104
 2.24673755
 2.22641143
 2.20552656
 2.18402865
 2.16185699
 2.13896357
 2.1153141
 2.09090467
 2.06575555
 2.03990002
 2.01337151
 1.98621066
 1.95848998
 1.93034558
 1.90199027
 1.87372571
 1.84592545
 1.81901972
 1.79345432
 1.76964986
 1.74797122
 1.72870764
 1.7120757
 1.69823818
 1.68733551
 1.6794944
 1.67480879
 1.67329613
 1.67485503
 1.67925392
 1.68613476
 1.69504569
 1.70548798
 1.71696735
 1.72905389
 1.74141821
 1.75385322
 1.76625947
 1.77861093
 1.79091687
 1.80320247
 1.8155028
