 1.33310161
 1.33660143
 1.34528742
 1.3585917
 1.37554977
 1.39496893
 1.41557428
 1.43613893
 1.45558158
 1.4730117
 1.48773881
 1.49930388
 1.50751324
 1.51239901
 1.51410652
 1.51279012
 1.50858966
 1.50165044
 1.492146
 1.48028736
 1.4662908
 1.45038896
 1.43291979
 1.41444732
 1.39579047
 1.37792675
 1.36188688
 1.3486768
 1.33919016
 1.33408181
 1.33359796
 1.33748257
 1.34504452
 1.355365
 1.36753565
 1.38079067
 1.39449746
 1.40809972
 1.42107041
 1.43291319
 1.44321001
 1.45168015
 1.45816312
 1.46255598
 1.46481148
 1.46500988
 1.46337085
 1.46013303
 1.45545703
 1.44945248
 1.4422414
 1.43398836
 1.42491971
 1.41534563
 1.40565364
 1.39624133
 1.38748082
 1.37974461
 1.37341163
 1.36880643
 1.36613284
 1.36542811
 1.36655188
 1.36915635
 1.37271664
 1.37664594
 1.38052398
 1.38432288
 1.38846703
 1.39359845
 1.4002166
 1.40846349
 1.41807828
 1.42844975
 1.43869211
 1.44774383
 1.45452532
 1.45813503
 1.4579613
 1.45369637
 1.44531004
 1.43312096
 1.41784407
 1.40060213
 1.38280532
 1.36593676
 1.35132671
 1.34002155
 1.33276203
 1.33003766
 1.33212242
 1.33901907
 1.35038989
 1.36552744
 1.38339471
 1.40274979
 1.42226902
 1.44071997
 1.45711721
 1.47083428
 1.48156061
 1.48919033
 1.49369105
 1.49502909
 1.49313227
 1.48790243
 1.47924413
 1.46711478
 1.45163056
 1.43318011
 1.41252225
 1.39075807
 1.36923261
 1.34943968
 1.33289186
 1.3209991
 1.31486855
 1.31511363
 1.32169898
 1.33389729
 1.35038115
 1.36949251
 1.38963039
 1.40956634
 1.42847807
 1.44576642
 1.46090078
 1.47336962
 1.48267788
 1.48834024
 1.48986909
 1.48676212
 1.47860909
 1.46529272
 1.44719893
 1.42523664
 1.40070693
 1.37519428
 1.35049826
 1.32857393
 1.31137268
 1.30059906
 1.29739271
 1.30208445
 1.31414727
 1.33239122
 1.35530148
 1.38128261
 1.40878455
 1.43639898
 1.46294556
 1.48749527
 1.50928212
 1.5275799
 1.54161533
 1.55063002
 1.55407251
 1.55175676
 1.54381814
 1.53056388
 1.51235526
 1.48959974
 1.46280047
 1.43262856
 1.40003078
 1.36634981
 1.33346459
 1.3038345
 1.28034911
 1.26587723
 1.26260468
 1.27142546
 1.29170291
 1.32147887
 1.35798992
 1.39823853
 1.4394413
 1.47928954
 1.51609784
 1.54885527
 1.57713678
 1.60087608
 1.62012544
 1.63489733
 1.64509681
 1.65050379
 1.65076712
 1.64542605
 1.63398089
 1.61604143
 1.59153415
 1.56082562
 1.5247179
 1.48436309
 1.44119854
 1.39701798
 1.35406721
 1.31507775
 1.28312733
 1.26123891
 1.25180424
 1.25600995
 1.27342499
 1.3020285
 1.33868221
 1.37988973
 1.42245312
 1.46384087
 1.50223588
 1.53640515
 1.56550328
 1.58894522
 1.60642141
 1.61797585
 1.62398821
 1.62501411
 1.62161305
 1.61423051
 1.60316094
 1.58852564
 1.5702724
 1.54824724
 1.52237715
 1.49293795
 1.46065309
 1.42661381
 1.39220171
 1.35907032
 1.32915098
 1.30458749
 1.28750772
 1.27965785
 1.28195735
 1.29419439
 1.31504182
 1.34243031
 1.37408699
 1.40795687
 1.44235024
 1.47591615
 1.50749391
 1.53600606
 1.56059908
 1.58092462
 1.59711369
 1.6094332
 1.61806057
 1.62305953
 1.62439729
 1.62193662
 1.61543768
 1.60462009
 1.5892897
 1.56943463
 1.54521175
 1.51688464
 1.48485037
 1.44974286
 1.41259659
 1.37499675
 1.33911765
 1.30758218
 1.28314902
 1.26831296
 1.26486777
 1.27351464
 1.29364946
 1.32350258
 1.36056472
 1.40210656
 1.44559113
 1.4889232
 1.53053722
 1.56939526
 1.60489464
 1.63670775
 1.66458283
 1.68821732
 1.70722205
 1.72114714
 1.72949507
 1.73179361
 1.72767731
 1.7169551
 1.69962044
 1.67581823
 1.645802
 1.60992192
 1.56864598
 1.52261345
 1.47273221
 1.42034471
 1.36743537
 1.31686641
 1.27246212
 1.23870083
 1.21987642
 1.21890421
 1.2363275
 1.27012869
 1.31647944
 1.37093402
 1.42942145
 1.48875046
 1.54670408
 1.60189975
 1.65358191
 1.70138479
 1.74518834
 1.78502335
 1.82100028
 1.85325989
 1.8819531
 1.90723069
 1.92925472
 1.94820084
 1.96426347
 1.97765723
 1.98860103
 1.99728888
 2.00386056
 2.00839196
 2.01091808
 2.01143426
 2.00991983
 2.00634024
 2.0006482
 1.99281753
 1.98286104
 1.9708134
 1.9566874
 1.94044789
 1.92201849
 1.90128524
 1.87810812
 1.85233094
 1.82378301
 1.79229573
 1.75771858
 1.71993615
 1.67887909
 1.63456425
 1.58717103
 1.53712327
 1.48517894
 1.43252213
 1.38091858
 1.33282927
 1.29140246
 1.26016148
 1.24233542
 1.23998806
 1.253344
 1.28068592
 1.31887717
 1.36417819
 1.41298282
 1.46227054
 1.5097366
 1.55373028
 1.5931111
 1.62710651
 1.6552049
 1.67708163
 1.69254743
 1.70154927
 1.70413982
 1.70043435
 1.69057348
 1.67471728
 1.65305267
 1.62582067
 1.59333983
 1.55603774
 1.51452541
 1.46974127
 1.42315946
 1.37692015
 1.33383185
 1.2971689
 1.2702404
 1.25574733
 1.25510143
 1.26800725
 1.29255945
 1.32579783
 1.36444088
 1.40543186
 1.44620596
 1.48475614
 1.51960607
 1.5497325
 1.57447049
 1.59342857
 1.6064275
 1.61345178
 1.61463239
 1.61023491
 1.60067246
 1.58649518
 1.56834038
 1.54688332
 1.52281414
 1.49682127
 1.46961377
 1.44193786
 1.41461601
 1.38861945
 1.36514292
 1.34562469
 1.33157216
 1.32421584
 1.32417908
 1.33132561
 1.34482238
 1.36333498
 1.38528443
 1.40908302
 1.43329182
 1.4567053
 1.47837926
 1.49766898
 1.51426037
 1.5281246
 1.53937896
 1.54816106
 1.55456617
 1.5586219
 1.56028277
 1.559429
 1.55585986
 1.54932792
 1.53963375
 1.52677533
 1.51101894
 1.49282167
 1.47271149
 1.45125978
 1.42913479
 1.40715006
 1.38625577
 1.36749791
 1.35197776
 1.34080089
 1.33492055
 1.3348909
 1.34069924
 1.3517841
 1.36720224
 1.38582427
 1.40651129
 1.42824395
 1.4501724
 1.47159516
 1.49188915
 1.51051823
 1.52707566
 1.54127535
 1.55287941
 1.56161049
 1.56715404
 1.56922418
 1.56763855
 1.56232922
 1.55327188
 1.54045696
 1.52393641
 1.50395588
 1.48102103
 1.45587723
 1.42944497
 1.40279891
 1.37717315
 1.35397418
 1.33473264
 1.32094376
 1.31382289
 1.31407427
 1.32178239
 1.33642602
 1.35695009
 1.38186666
 1.40942424
 1.43785861
 1.46567093
 1.49180765
 1.5156014
 1.53656281
 1.55422546
 1.56814991
 1.57799972
 1.5835691
 1.58471697
 1.58132282
 1.57329165
 1.56062753
 1.54350756
 1.52230495
 1.49755876
 1.46995143
 1.44035979
