 6.18991043
 6.18261875
 6.17350898
 6.16253611
 6.14974834
 6.13532241
 6.11957452
 6.10293905
 6.08593192
 6.06908922
 6.05291458
 6.03784428
 6.02425464
 6.01246565
 6.00272588
 5.99520389
 5.98998431
 5.98707634
 5.98641595
 5.987868
 5.99121301
 5.99612484
 6.00212135
 6.00851135
 6.01438565
 6.01871401
 6.02052516
 6.01909161
 6.01405269
 6.00546015
 5.99373674
 5.97957958
 5.96382862
 5.94734921
 5.93097187
 5.91545444
 5.90144142
 5.88942564
 5.87973531
 5.87255057
 5.86792745
 5.86582954
 5.86615429
 5.86876812
 5.87350245
 5.88009814
 5.88814066
 5.89705759
 5.90618475
 5.91484395
 5.9224072
 5.92832597
 5.93215709
 5.93357948
 5.9323992
 5.92854063
 5.92206052
 5.9132135
 5.90251645
 5.8907241
 5.87872548
 5.86741682
 5.85759907
 5.84992366
 5.84486877
 5.84274539
 5.84372721
 5.84786044
 5.85504033
 5.86494167
 5.87699319
 5.89044848
 5.90450909
 5.91844704
 5.93168731
 5.94383725
 5.95468167
 5.9641278
 5.97212177
 5.97855767
 5.9832514
 5.98597751
 5.98655001
 5.98488887
 5.98106609
 5.97532551
 5.96806472
 5.95980172
 5.95111348
 5.94259209
 5.93482014
 5.92833259
 5.92356028
 5.92077989
 5.92009981
 5.92148678
 5.9248179
 5.92992545
 5.93663054
 5.9447399
 5.95400254
 5.96406026
 5.97444202
 5.98460641
 5.99401915
 6.00223059
 6.00893163
 6.01398349
 6.01741412
 6.01939196
 6.02015907
 6.01995817
 6.01896767
 6.01728237
 6.01492942
 6.01189334
 6.00814285
 6.003642
 5.99836219
 5.99229475
 5.985466
 5.97796452
 5.96996101
 5.96168179
 5.95332446
 5.94495499
 5.93649093
 5.92778125
 5.91869662
 5.90919461
 5.89934691
 5.88934434
 5.87948686
 5.8701349
 5.86162938
 5.85420596
 5.84794975
 5.84282066
 5.83871324
 5.83548466
 5.83294245
 5.83083885
 5.82887305
 5.82671142
 5.82400776
 5.82042878
 5.81569278
 5.80961525
 5.80213141
 5.79326105
 5.78304454
 5.77150053
 5.75866287
 5.74463549
 5.72962505
 5.7139598
 5.6980861
 5.68255492
 5.66798988
 5.65503182
 5.64425299
 5.6360958
 5.63086778
 5.62876752
 5.62989053
 5.6341897
 5.64142468
 5.65113741
 5.66266538
 5.67519853
 5.68787064
 5.69985895
 5.71047133
 5.71918317
 5.7256309
 5.72960055
 5.73100806
 5.72986831
 5.72625844
 5.72029354
 5.71214358
 5.70208924
 5.69056493
 5.67816512
 5.66547448
 5.65303521
 5.64136826
 5.63103484
 5.6226411
 5.61679011
 5.61397222
 5.61445294
 5.61821155
 5.62495238
 5.63414735
 5.6450473
 5.65670516
 5.66807656
 5.67816667
 5.6861617
 5.69152675
 5.69406031
 5.69388992
 5.69138713
 5.68701084
 5.68114867
 5.67404869
 5.66588274
 5.65685319
 5.64725289
 5.63746306
 5.62792017
 5.61907741
 5.61134926
 5.60507897
 5.6005157
 5.59782967
 5.59713139
 5.59844183
 5.60162234
 5.60634744
 5.61213144
 5.61838865
 5.62448998
 5.62982071
 5.63384091
 5.63615441
 5.63654185
 5.63491041
 5.63114263
 5.62498566
 5.616136
 5.6044745
 5.59024135
 5.57403232
 5.55668711
 5.53913022
 5.52220319
 5.50653704
 5.49250588
 5.48024881
 5.46973449
 5.4608369
 5.453371
 5.44712051
 5.44186219
 5.43738123
 5.43345712
 5.42983929
 5.42624847
 5.42242476
 5.41818189
 5.41338445
 5.40783336
 5.40118892
 5.39304119
 5.38305396
 5.37107887
 5.35718868
 5.34164886
 5.32485895
 5.30731102
 5.28955281
 5.27210718
 5.25538212
 5.23965316
 5.2251364
 5.21205195
 5.20063956
 5.19112648
 5.18364819
 5.17814735
 5.17432917
 5.17170455
 5.16965228
 5.16740874
 5.16407399
 5.15876511
 5.15083739
 5.14003145
 5.12653119
 5.11096292
 5.09430097
 5.07762508
 5.0617711
 5.04710206
 5.03356932
 5.02092566
 5.00890764
 4.9973484
 4.9862108
 4.97560064
 4.96577495
 4.95713281
 4.9501453
 4.94519839
 4.94242552
 4.94161958
 4.94224673
 4.9435646
 4.94483682
 4.94550757
 4.94525909
 4.94399753
 4.94182185
 4.9389521
 4.93558082
 4.93166909
 4.92681064
 4.92032777
 4.91156947
 4.90018879
 4.88624061
 4.87013285
 4.85248363
 4.83394348
 4.8150046
 4.79588334
 4.77652785
 4.75674989
 4.73636235
 4.71526392
 4.69347879
 4.67119125
 4.64876436
 4.62672009
 4.6056784
 4.58624186
 4.56883987
 4.55360853
 4.54038273
 4.52879065
 4.51839551
 4.5088244
 4.49984955
 4.49142534
 4.48369428
 4.47696309
 4.47159964
 4.46785251
 4.46564966
 4.46451049
 4.46362186
 4.46199242
 4.45859829
 4.45250761
 4.44298818
 4.42961368
 4.41235979
 4.39165449
 4.36834772
 4.34353053
 4.31819631
 4.29291225
 4.26778403
 4.24271669
 4.21768041
 4.19283315
 4.16853869
 4.14537416
 4.12414415
 4.1058495
 4.09153771
 4.08197583
 4.07735918
 4.07729899
 4.081042
 4.08767289
 4.096198
 4.1055716
 4.11475072
 4.12280171
 4.12903685
 4.13311191
 4.13496292
 4.13456399
 4.13166023
 4.12574289
 4.1162755
 4.10299033
 4.08606414
 4.06616153
 4.04438131
 4.02213487
 4.00097801
 3.982359
 3.96731771
 3.9563137
 3.94933048
 3.9461435
 3.94652063
 3.95028097
 3.95727684
 3.9673489
 3.98026478
 3.99564916
 4.01286774
 4.0308773
 4.04813061
 4.06269967
 4.0727022
 4.07681376
 4.07459303
 4.06646917
 4.05350239
 4.0370817
 4.01868326
 3.99968139
 3.98116839
 3.96380564
 3.94784857
 3.93335973
 3.92042769
 3.9092725
 3.9002339
 3.89373451
 3.89025637
 3.89032954
 3.8944812
 3.90311787
 3.91635543
 3.93389605
 3.95506103
 3.97892286
 4.00442434
 4.03041828
 4.05563206
 4.07866662
 4.09807986
 4.11258086
 4.12125162
 4.12365686
 4.11984518
 4.11032357
 4.09600225
 4.07802671
 4.05756453
 4.03568613
 4.01336233
 3.99153145
 3.9711288
 3.95303426
 3.93790009
 3.92597544
 3.9170642
 3.91066192
 3.90617901
 3.90311017
 3.90111267
 3.9000399
 3.89995512
 3.90111037
 3.90385481
 3.90845853
 3.91495547
 3.92308691
 3.93233202
 3.94197145
 3.95114279
 3.95890905
 3.96434722
 3.96668943
 3.96545062
 3.96054275
 3.95232767
 3.94151503
 3.92889885
 3.91512379
 3.90057413
 3.88536316
 3.86939713
 3.85252515
 3.8347713
 3.81642914
 3.79789911
 3.77948405
 3.76130999
 3.74335952
 3.72555014
 3.70781874
 3.69018956
 3.67279181
 3.65584603
 3.63965207
 3.62459783
 3.61114665
 3.59977189
 3.59083954
 3.58445962
 3.5803235
 3.57759626
 3.57495054
 3.57078853
 3.56353609
 3.55190766
 3.53513688
 3.51313721
 3.4864935
 3.45627602
 3.42375844
 3.390151
