$energy      SCF               SCFKIN            SCFPOT
     1 -457.8886122298      456.1729964930     -914.0616087228
     2 -457.8886122298      456.1729969019     -914.0616091317
     3 -457.8886122298      456.1729967024     -914.0616089322
     4 -457.8886122298      456.1729967841     -914.0616090139
     5 -457.8888210083      455.9909310946     -913.8797521029
     6 -457.8890766759      456.0233215923     -913.9123982682
     7 -457.8891080294      456.0364226818     -913.9255307112
     8 -457.8891270540      456.0263261201     -913.9154531741
     9 -457.8891481610      456.0073714665     -913.8965196275
    10 -457.8891552937      456.0037700674     -913.8929253611
    11 -457.8891613815      456.0068170892     -913.8959784706
    12 -457.8891645092      456.0098785955     -913.8990431047
    13 -457.8891668112      456.0116626204     -913.9008294316
    14 -457.8891698845      456.0105007985     -913.8996706831
    15 -457.8891713408      456.0087690114     -913.8979403522
    16 -457.8891718163      456.0086540533     -913.8978258696
    17 -457.8891723322      456.0094040325     -913.8985763646
    18 -457.8891727033      456.0104153410     -913.8995880443
    19 -458.4043527052      456.3482662315     -914.7526189367
    20 -458.4049777093      456.5281191109     -914.9330968202
    21 -458.4049962465      456.5303936840     -914.9353899304
    22 -458.4049967611      456.5301164192     -914.9351131803
    23 -458.4049977619      456.5298915667     -914.9348893287
    24 -458.4049989764      456.5296420450     -914.9346410215
    25 -458.4049994970      456.5295325495     -914.9345320464
    26 -458.4049997487      456.5293056627     -914.9343054114
$end
