$grad          cartesian gradients
  cycle =      4    SCF energy =     -457.8886122298   |dE/dxyz| =  0.025722
    6.19098989128622      1.76561177489872      0.00000000000000      c
    3.45106523421715      1.02358397938799      0.00000000000000      c
    7.11944419178896      0.96366200191046     -1.66648340944389      h
    7.11944419178896      0.96366200191046      1.66648340944389      h
    6.36530227320626      3.81112396340437      0.00000000000000      h
    3.09755125654617     -1.44158522424677      0.00000000000000      o
    1.73076463966197      2.58457276480871      0.00000000000000      o
    1.23213449678267     -1.84989718832476      0.00000000000000      h
   -7.11944419178896     -0.96366200191046     -1.66648340944389      h
   -3.09755125654617      1.44158522424677      0.00000000000000      o
   -3.45106523421715     -1.02358397938798      0.00000000000000      c
   -6.19098989128622     -1.76561177489872      0.00000000000000      c
   -7.11944419178896     -0.96366200191046      1.66648340944389      h
   -1.23213449678267      1.84989718832476      0.00000000000000      h
   -6.36530227320626     -3.81112396340437      0.00000000000000      h
   -1.73076463966197     -2.58457276480871      0.00000000000000      o
  0.15722137199092D-02  0.24576917747966D-02  0.00000000000000D+00
  -.61706488951065D-02  0.17068353459374D-02  0.00000000000000D+00
  -.14216824307314D-02  0.56234267853572D-03  0.13441069685333D-02
  -.14216824307314D-02  0.56234267853572D-03  -.13441069685333D-02
  -.85128576650760D-03  -.42671875628734D-02  0.00000000000000D+00
  -.63882291707784D-02  0.61881476285218D-02  0.00000000000000D+00
  0.75820241321553D-02  -.85763181315910D-02  0.00000000000000D+00
  0.65942175275383D-02  0.68749878671998D-03  0.00000000000000D+00
  0.14216824307314D-02  -.56234267853569D-03  0.13441069685333D-02
  0.63882291707784D-02  -.61881476285217D-02  0.00000000000000D+00
  0.61706488951065D-02  -.17068353459373D-02  0.00000000000000D+00
  -.15722137199092D-02  -.24576917747967D-02  0.00000000000000D+00
  0.14216824307314D-02  -.56234267853569D-03  -.13441069685333D-02
  -.65942175275383D-02  -.68749878672015D-03  0.00000000000000D+00
  0.85128576650755D-03  0.42671875628734D-02  0.00000000000000D+00
  -.75820241321553D-02  0.85763181315909D-02  0.00000000000000D+00
  cycle =      5    SCF energy =     -457.8888210083   |dE/dxyz| =  0.025537
    6.18784486449115      1.76069849294494      0.00000000000000      c
    3.46340618454115      1.02017148019605      0.00000000000000      c
    7.12228722952535      0.96253973332266     -1.66917162338096      h
    7.12228722952535      0.96253973332266      1.66917162338096      h
    6.36700355101367      3.81966049929808      0.00000000000000      h
    3.11032820424880     -1.45396046800787      0.00000000000000      o
    1.71559971403759      2.60172598859792      0.00000000000000      o
    1.21894668969441     -1.85127176763735      0.00000000000000      h
   -7.12228722952535     -0.96253973332266     -1.66917162338096      h
   -3.11032820424880      1.45396046800787      0.00000000000000      o
   -3.46340618454115     -1.02017148019604      0.00000000000000      c
   -6.18784486449115     -1.76069849294494      0.00000000000000      c
   -7.12228722952535     -0.96253973332266      1.66917162338096      h
   -1.21894668969441      1.85127176763735      0.00000000000000      h
   -6.36700355101367     -3.81966049929808      0.00000000000000      h
   -1.71559971403759     -2.60172598859792      0.00000000000000      o
  -.24949671699384D-02  -.33525778349681D-02  0.00000000000000D+00
  0.12646704590376D-01  -.48245447319490D-02  0.00000000000000D+00
  -.83426560099542D-03  0.32441901303434D-03  0.44542970915418D-03
  -.83426560099542D-03  0.32441901303434D-03  -.44542970915418D-03
  -.35089699476544D-03  0.34182195395827D-03  0.00000000000000D+00
  0.44966080150277D-03  -.36681148226293D-03  0.00000000000000D+00
  -.84206200073306D-02  0.70759530526779D-02  0.00000000000000D+00
  0.13433888218408D-02  0.18487896265383D-03  0.00000000000000D+00
  0.83426560099542D-03  -.32441901303434D-03  0.44542970915418D-03
  -.44966080150277D-03  0.36681148226308D-03  0.00000000000000D+00
  -.12646704590376D-01  0.48245447319491D-02  0.00000000000000D+00
  0.24949671699384D-02  0.33525778349680D-02  0.00000000000000D+00
  0.83426560099542D-03  -.32441901303434D-03  -.44542970915418D-03
  -.13433888218408D-02  -.18487896265401D-03  0.00000000000000D+00
  0.35089699476538D-03  -.34182195395827D-03  0.00000000000000D+00
  0.84206200073306D-02  -.70759530526780D-02  0.00000000000000D+00
  cycle =      6    SCF energy =     -457.8890766759   |dE/dxyz| =  0.006343
    6.18990285016670      1.76337744778861      0.00000000000000      c
    3.45250954340307      1.02449555449569      0.00000000000000      c
    7.12347581871326      0.96207686590225     -1.66995674231927      h
    7.12347581871326      0.96207686590225      1.66995674231927      h
    6.36756768954064      3.82042158990021      0.00000000000000      h
    3.11152673370332     -1.45518814182465      0.00000000000000      o
    1.72196145138930      2.59694678050939      0.00000000000000      o
    1.21592632892705     -1.85163063126467      0.00000000000000      h
   -7.12347581871326     -0.96207686590225     -1.66995674231927      h
   -3.11152673370332      1.45518814182465      0.00000000000000      o
   -3.45250954340307     -1.02449555449568      0.00000000000000      c
   -6.18990285016670     -1.76337744778861      0.00000000000000      c
   -7.12347581871326     -0.96207686590225      1.66995674231927      h
   -1.21592632892705      1.85163063126467      0.00000000000000      h
   -6.36756768954064     -3.82042158990021      0.00000000000000      h
   -1.72196145138930     -2.59694678050939      0.00000000000000      o
  -.49001144677391D-03  -.15154106618132D-02  0.00000000000000D+00
  -.12145271155276D-03  0.19524120312461D-02  0.00000000000000D+00
  -.49767208546392D-03  0.25225340543639D-04  0.74911261067734D-04
  -.49767208546392D-03  0.25225340543639D-04  -.74911261067734D-04
  -.59043470011866D-03  -.34274462729147D-03  0.00000000000000D+00
  0.33554405122255D-02  -.74859387125036D-03  0.00000000000000D+00
  0.54451717017290D-03  0.86831308978120D-04  0.00000000000000D+00
  -.74195034569691D-03  0.32563629141565D-03  0.00000000000000D+00
  0.49767208546403D-03  -.25225340543639D-04  0.74911261067734D-04
  -.33554405122255D-02  0.74859387125050D-03  0.00000000000000D+00
  0.12145271155276D-03  -.19524120312461D-02  0.00000000000000D+00
  0.49001144677391D-03  0.15154106618132D-02  0.00000000000000D+00
  0.49767208546403D-03  -.25225340543639D-04  -.74911261067734D-04
  0.74195034569691D-03  -.32563629141583D-03  0.00000000000000D+00
  0.59043470011860D-03  0.34274462729147D-03  0.00000000000000D+00
  -.54451717017290D-03  -.86831308978155D-04  0.00000000000000D+00
  cycle =      7    SCF energy =     -457.8891080294   |dE/dxyz| =  0.003839
    6.19113259950518      1.76668884233327      0.00000000000000      c
    3.45134938828189      1.02126462116373      0.00000000000000      c
    7.12440718663082      0.96203909925850     -1.67005525185518      h
    7.12440718663082      0.96203909925850      1.67005525185518      h
    6.36866988026836      3.82079516603734      0.00000000000000      h
    3.10470798030321     -1.45335903132548      0.00000000000000      o
    1.72205587399136      2.59569686302808      0.00000000000000      o
    1.21762829274235     -1.85222513491134      0.00000000000000      h
   -7.12440718663082     -0.96203909925850     -1.67005525185518      h
   -3.10470798030321      1.45335903132548      0.00000000000000      o
   -3.45134938828189     -1.02126462116372      0.00000000000000      c
   -6.19113259950518     -1.76668884233327      0.00000000000000      c
   -7.12440718663082     -0.96203909925850      1.67005525185518      h
   -1.21762829274235      1.85222513491134      0.00000000000000      h
   -6.36866988026836     -3.82079516603734      0.00000000000000      h
   -1.72205587399136     -2.59569686302808      0.00000000000000      o
  0.13559211514053D-03  0.97183797129360D-03  0.00000000000000D+00
  -.37801955185207D-03  -.59908302065775D-03  0.00000000000000D+00
  -.40243277041296D-03  -.24111165516735D-03  -.18940002293433D-03
  -.40243277041296D-03  -.24111165516735D-03  0.18940002293433D-03
  -.47971843936652D-03  -.12125731834719D-02  0.00000000000000D+00
  -.19492207053107D-04  0.60210817069817D-03  0.00000000000000D+00
  0.36449666329580D-03  -.94395259423636D-04  0.00000000000000D+00
  0.17172124394258D-02  0.48790534580768D-03  0.00000000000000D+00
  0.40243277041296D-03  0.24111165516738D-03  -.18940002293433D-03
  0.19492207053107D-04  -.60210817069803D-03  0.00000000000000D+00
  0.37801955185207D-03  0.59908302065781D-03  0.00000000000000D+00
  -.13559211514053D-03  -.97183797129366D-03  0.00000000000000D+00
  0.40243277041296D-03  0.24111165516738D-03  0.18940002293433D-03
  -.17172124394258D-02  -.48790534580785D-03  0.00000000000000D+00
  0.47971843936646D-03  0.12125731834719D-02  0.00000000000000D+00
  -.36449666329580D-03  0.94395259423601D-04  0.00000000000000D+00
  cycle =      8    SCF energy =     -457.8891270540   |dE/dxyz| =  0.002258
    6.19133215669432      1.76594890324116      0.00000000000000      c
    3.45127063143346      1.02158384758391      0.00000000000000      c
    7.12562494939911      0.96244290875549     -1.66982865539871      h
    7.12562494939911      0.96244290875549      1.66982865539871      h
    6.37002672623383      3.82349880631195      0.00000000000000      h
    3.10288948531212     -1.45427576581032      0.00000000000000      o
    1.72146222185183      2.59553731880509      0.00000000000000      o
    1.21437840131566     -1.85341433106912      0.00000000000000      h
   -7.12562494939911     -0.96244290875549     -1.66982865539871      h
   -3.10288948531212      1.45427576581032      0.00000000000000      o
   -3.45127063143346     -1.02158384758390      0.00000000000000      c
   -6.19133215669432     -1.76594890324116      0.00000000000000      c
   -7.12562494939911     -0.96244290875549      1.66982865539871      h
   -1.21437840131566      1.85341433106912      0.00000000000000      h
   -6.37002672623383     -3.82349880631195      0.00000000000000      h
   -1.72146222185183     -2.59553731880509      0.00000000000000      o
  0.26889821761578D-04  -.29228999931613D-03  0.00000000000000D+00
  -.15853975603553D-04  0.19708755650445D-03  0.00000000000000D+00
  -.35495837316701D-03  -.18529001526005D-03  -.13235649197452D-03
  -.35495837316701D-03  -.18529001526005D-03  0.13235649197452D-03
  -.32702277342492D-03  -.50217332096952D-04  0.00000000000000D+00
  -.18344958190086D-04  0.60210382384553D-04  0.00000000000000D+00
  0.14838438159087D-03  -.21755642166345D-03  0.00000000000000D+00
  0.13425228635927D-02  0.28883290571812D-03  0.00000000000000D+00
  0.35495837316701D-03  0.18529001526008D-03  -.13235649197452D-03
  0.18344958190086D-04  -.60210382384414D-04  0.00000000000000D+00
  0.15853975603553D-04  -.19708755650440D-03  0.00000000000000D+00
  -.26889821761578D-04  0.29228999931608D-03  0.00000000000000D+00
  0.35495837316701D-03  0.18529001526008D-03  0.13235649197452D-03
  -.13425228635927D-02  -.28883290571829D-03  0.00000000000000D+00
  0.32702277342486D-03  0.50217332096952D-04  0.00000000000000D+00
  -.14838438159087D-03  0.21755642166341D-03  0.00000000000000D+00
  cycle =      9    SCF energy =     -457.8891481610   |dE/dxyz| =  0.001676
    6.19195113579479      1.76743079558098      0.00000000000000      c
    3.45027993442264      1.02039230614750      0.00000000000000      c
    7.12869127778721      0.96349354568550     -1.66924337789068      h
    7.12869127778721      0.96349354568550      1.66924337789068      h
    6.37312731121503      3.82695630206859      0.00000000000000      h
    3.09905472350193     -1.45520462719812      0.00000000000000      o
    1.72049065341960      2.59571788842887      0.00000000000000      o
    1.20604981395612     -1.85600551667736      0.00000000000000      h
   -7.12869127778721     -0.96349354568550     -1.66924337789068      h
   -3.09905472350193      1.45520462719812      0.00000000000000      o
   -3.45027993442264     -1.02039230614749      0.00000000000000      c
   -6.19195113579479     -1.76743079558098      0.00000000000000      c
   -7.12869127778721     -0.96349354568550      1.66924337789068      h
   -1.20604981395612      1.85600551667736      0.00000000000000      h
   -6.37312731121503     -3.82695630206859      0.00000000000000      h
   -1.72049065341960     -2.59571788842887      0.00000000000000      o
  0.30742755237734D-04  -.33054202308691D-03  0.00000000000000D+00
  0.98349538767750D-04  0.20165555029611D-03  0.00000000000000D+00
  -.12121449724856D-03  -.29027083536498D-03  -.24810710392420D-03
  -.12121449724856D-03  -.29027083536498D-03  0.24810710392420D-03
  -.53489189937653D-04  0.69246575242290D-03  0.00000000000000D+00
  0.49415991329294D-03  -.14397228217006D-03  0.00000000000000D+00
  -.12913584701771D-03  -.13954555861752D-03  0.00000000000000D+00
  0.34663412741254D-03  -.13740528854885D-03  0.00000000000000D+00
  0.12121449724856D-03  0.29027083536498D-03  -.24810710392420D-03
  -.49415991329294D-03  0.14397228217020D-03  0.00000000000000D+00
  -.98349538767750D-04  -.20165555029605D-03  0.00000000000000D+00
  -.30742755237734D-04  0.33054202308685D-03  0.00000000000000D+00
  0.12121449724856D-03  0.29027083536498D-03  0.24810710392420D-03
  -.34663412741254D-03  0.13740528854867D-03  0.00000000000000D+00
  0.53489189937597D-04  -.69246575242290D-03  0.00000000000000D+00
  0.12913584701771D-03  0.13954555861749D-03  0.00000000000000D+00
  cycle =     10    SCF energy =     -457.8891552937   |dE/dxyz| =  0.001382
    6.19214690789200      1.76830642126216      0.00000000000000      c
    3.44969143674320      1.01973069842362      0.00000000000000      c
    7.13042558864216      0.96477089552159     -1.66828323204174      h
    7.13042558864216      0.96477089552159      1.66828323204174      h
    6.37477689025398      3.82739514134561      0.00000000000000      h
    3.09565484801705     -1.45545087368076      0.00000000000000      o
    1.72034453782379      2.59594222553695      0.00000000000000      o
    1.20137219668902     -1.85692898279457      0.00000000000000      h
   -7.13042558864216     -0.96477089552159     -1.66828323204174      h
   -3.09565484801705      1.45545087368076      0.00000000000000      o
   -3.44969143674320     -1.01973069842361      0.00000000000000      c
   -6.19214690789200     -1.76830642126216      0.00000000000000      c
   -7.13042558864216     -0.96477089552159      1.66828323204174      h
   -1.20137219668902      1.85692898279457      0.00000000000000      h
   -6.37477689025398     -3.82739514134561      0.00000000000000      h
   -1.72034453782379     -2.59594222553695      0.00000000000000      o
  0.17564618255594D-03  -.38386715236760D-05  0.00000000000000D+00
  0.17098428978279D-03  0.20230111772755D-03  0.00000000000000D+00
  -.70739086601712D-04  -.23675827963307D-03  -.12430129348695D-03
  -.70739086601712D-04  -.23675827963307D-03  0.12430129348695D-03
  0.91218122622749D-04  0.58956384319231D-03  0.00000000000000D+00
  0.27155647172639D-03  -.23209639171985D-03  0.00000000000000D+00
  -.20777420650636D-03  -.22911829640973D-03  0.00000000000000D+00
  0.13919424326780D-03  -.32056828912175D-03  0.00000000000000D+00
  0.70739086601712D-04  0.23675827963307D-03  -.12430129348695D-03
  -.27155647172639D-03  0.23209639172000D-03  0.00000000000000D+00
  -.17098428978279D-03  -.20230111772750D-03  0.00000000000000D+00
  -.17564618255594D-03  0.38386715236205D-05  0.00000000000000D+00
  0.70739086601712D-04  0.23675827963307D-03  0.12430129348695D-03
  -.13919424326780D-03  0.32056828912157D-03  0.00000000000000D+00
  -.91218122622805D-04  -.58956384319231D-03  0.00000000000000D+00
  0.20777420650636D-03  0.22911829640969D-03  0.00000000000000D+00
  cycle =     11    SCF energy =     -457.8891613815   |dE/dxyz| =  0.001000
    6.19146321247081      1.76819346298183      0.00000000000000      c
    3.44876646279614      1.01878541070943      0.00000000000000      c
    7.13208732703736      0.96666227047885     -1.66711993958320      h
    7.13208732703736      0.96666227047885      1.66711993958320      h
    6.37575079181308      3.82623225458765      0.00000000000000      h
    3.09221016074893     -1.45492454280745      0.00000000000000      o
    1.72091762010256      2.59699904924147      0.00000000000000      o
    1.19691349938095     -1.85649770547298      0.00000000000000      h
   -7.13208732703736     -0.96666227047885     -1.66711993958320      h
   -3.09221016074893      1.45492454280745      0.00000000000000      o
   -3.44876646279614     -1.01878541070942      0.00000000000000      c
   -6.19146321247081     -1.76819346298183      0.00000000000000      c
   -7.13208732703736     -0.96666227047885      1.66711993958320      h
   -1.19691349938095      1.85649770547298      0.00000000000000      h
   -6.37575079181308     -3.82623225458765      0.00000000000000      h
   -1.72091762010256     -2.59699904924147      0.00000000000000      o
  0.14657670500029D-03  0.18114536060049D-03  0.00000000000000D+00
  0.33915795762368D-04  -.19744958736650D-03  0.00000000000000D+00
  -.45112434358674D-04  -.62785716979097D-04  0.10112821980746D-03
  -.45112434358674D-04  -.62785716979097D-04  -.10112821980746D-03
  0.24426948834484D-03  0.25806020949168D-03  0.00000000000000D+00
  0.20970866600489D-03  0.65617626337160D-04  0.00000000000000D+00
  -.93986747717434D-04  -.23993132011893D-03  0.00000000000000D+00
  0.52511915979880D-04  -.36006708062090D-03  0.00000000000000D+00
  0.45112434358674D-04  0.62785716979097D-04  0.10112821980746D-03
  -.20970866600489D-03  -.65617626337007D-04  0.00000000000000D+00
  -.33915795762368D-04  0.19744958736656D-03  0.00000000000000D+00
  -.14657670500029D-03  -.18114536060054D-03  0.00000000000000D+00
  0.45112434358674D-04  0.62785716979097D-04  -.10112821980746D-03
  -.52511915979880D-04  0.36006708062073D-03  0.00000000000000D+00
  -.24426948834490D-03  -.25806020949168D-03  0.00000000000000D+00
  0.93986747717434D-04  0.23993132011890D-03  0.00000000000000D+00
  cycle =     12    SCF energy =     -457.8891645092   |dE/dxyz| =  0.000931
    6.19055831448597      1.76757604895904      0.00000000000000      c
    3.44820805527363      1.01884539900209      0.00000000000000      c
    7.13305087351597      0.96794119930172     -1.66674815183594      h
    7.13305087351597      0.96794119930172      1.66674815183594      h
    6.37541832571407      3.82446607674946      0.00000000000000      h
    3.08985647391688     -1.45474077466036      0.00000000000000      o
    1.72157180766499      2.59840801854674      0.00000000000000      o
    1.19443924691539     -1.85501611282961      0.00000000000000      h
   -7.13305087351597     -0.96794119930172     -1.66674815183594      h
   -3.08985647391688      1.45474077466036      0.00000000000000      o
   -3.44820805527363     -1.01884539900208      0.00000000000000      c
   -6.19055831448597     -1.76757604895904      0.00000000000000      c
   -7.13305087351597     -0.96794119930172      1.66674815183594      h
   -1.19443924691539      1.85501611282961      0.00000000000000      h
   -6.37541832571407     -3.82446607674946      0.00000000000000      h
   -1.72157180766499     -2.59840801854674      0.00000000000000      o
  -.89209719960071D-04  0.33848943672210D-03  0.00000000000000D+00
  0.34383518439429D-04  -.92147984750879D-04  0.00000000000000D+00
  0.15876447251206D-04  0.52355056876202D-04  0.16870386846124D-03
  0.15876447251206D-04  0.52355056876202D-04  -.16870386846124D-03
  0.28619806618831D-03  -.14473347376812D-03  0.00000000000000D+00
  0.52661193758019D-04  -.10231536445080D-03  0.00000000000000D+00
  -.33095840793612D-04  -.18849552843963D-03  0.00000000000000D+00
  0.13279621003304D-03  -.26005964697500D-03  0.00000000000000D+00
  -.15876447251206D-04  -.52355056876202D-04  0.16870386846124D-03
  -.52661193758019D-04  0.10231536445095D-03  0.00000000000000D+00
  -.34383518439429D-04  0.92147984750934D-04  0.00000000000000D+00
  0.89209719960071D-04  -.33848943672216D-03  0.00000000000000D+00
  -.15876447251206D-04  -.52355056876202D-04  -.16870386846124D-03
  -.13279621003304D-03  0.26005964697482D-03  0.00000000000000D+00
  -.28619806618836D-03  0.14473347376812D-03  0.00000000000000D+00
  0.33095840793612D-04  0.18849552843959D-03  0.00000000000000D+00
  cycle =     13    SCF energy =     -457.8891668112   |dE/dxyz| =  0.000843
    6.19022934064354      1.76641398972900      0.00000000000000      c
    3.44768783293991      1.01899370343755      0.00000000000000      c
    7.13357832418826      0.96866949866011     -1.66694552648351      h
    7.13357832418826      0.96866949866011      1.66694552648351      h
    6.37429630536771      3.82333548803867      0.00000000000000      h
    3.08815252012656     -1.45416897577345      0.00000000000000      o
    1.72217582409007      2.59991901666550      0.00000000000000      o
    1.19260577936583     -1.85318260963832      0.00000000000000      h
   -7.13357832418826     -0.96866949866011     -1.66694552648351      h
   -3.08815252012656      1.45416897577345      0.00000000000000      o
   -3.44768783293991     -1.01899370343754      0.00000000000000      c
   -6.19022934064354     -1.76641398972900      0.00000000000000      c
   -7.13357832418826     -0.96866949866011      1.66694552648351      h
   -1.19260577936583      1.85318260963832      0.00000000000000      h
   -6.37429630536771     -3.82333548803867      0.00000000000000      h
   -1.72217582409007     -2.59991901666550      0.00000000000000      o
  -.12835659561622D-03  0.85832747910825D-04  0.00000000000000D+00
  -.84248936875225D-04  -.13382344421856D-03  0.00000000000000D+00
  0.35760979190336D-04  0.14865678467182D-03  0.19518695804244D-03
  0.35760979190336D-04  0.14865678467182D-03  -.19518695804244D-03
  0.26565064377146D-03  -.19166657579137D-03  0.00000000000000D+00
  0.53487466149305D-04  -.10435581852714D-03  0.00000000000000D+00
  -.10851326818523D-04  -.81240278868900D-04  0.00000000000000D+00
  0.19885755132598D-03  -.12653904930444D-03  0.00000000000000D+00
  -.35760979190225D-04  -.14865678467182D-03  0.19518695804244D-03
  -.53487466149305D-04  0.10435581852729D-03  0.00000000000000D+00
  0.84248936875225D-04  0.13382344421861D-03  0.00000000000000D+00
  0.12835659561622D-03  -.85832747910880D-04  0.00000000000000D+00
  -.35760979190225D-04  -.14865678467182D-03  -.19518695804244D-03
  -.19885755132598D-03  0.12653904930426D-03  0.00000000000000D+00
  -.26565064377151D-03  0.19166657579137D-03  0.00000000000000D+00
  0.10851326818523D-04  0.81240278868865D-04  0.00000000000000D+00
  cycle =     14    SCF energy =     -457.8891698845   |dE/dxyz| =  0.000637
    6.19037599812935      1.76512641387410      0.00000000000000      c
    3.44742140732673      1.01968287947234      0.00000000000000      c
    7.13409969827001      0.96888543815408     -1.66803398591898      h
    7.13409969827001      0.96888543815408      1.66803398591898      h
    6.37178918964820      3.82254447857828      0.00000000000000      h
    3.08563631095423     -1.45295656851514      0.00000000000000      o
    1.72302152991272      2.60206451835311      0.00000000000000      o
    1.18942295624123     -1.85043953115214      0.00000000000000      h
   -7.13409969827001     -0.96888543815408     -1.66803398591898      h
   -3.08563631095423      1.45295656851514      0.00000000000000      o
   -3.44742140732673     -1.01968287947233      0.00000000000000      c
   -6.19037599812935     -1.76512641387410      0.00000000000000      c
   -7.13409969827001     -0.96888543815408      1.66803398591898      h
   -1.18942295624123      1.85043953115214      0.00000000000000      h
   -6.37178918964820     -3.82254447857828      0.00000000000000      h
   -1.72302152991272     -2.60206451835311      0.00000000000000      o
  -.17555381759499D-03  -.13399753678073D-03  0.00000000000000D+00
  -.81105748566013D-04  -.27079032445171D-04  0.00000000000000D+00
  0.11654920988668D-03  0.13929213303840D-03  0.21821063662331D-04
  0.11654920988668D-03  0.13929213303840D-03  -.21821063662331D-04
  0.14039911065622D-03  -.12705569156193D-03  0.00000000000000D+00
  0.98603518443263D-04  -.10214862898614D-03  0.00000000000000D+00
  -.38923683410602D-04  -.10696099375221D-04  0.00000000000000D+00
  0.14794897776660D-03  -.80567373361012D-05  0.00000000000000D+00
  -.11654920988668D-03  -.13929213303840D-03  0.21821063662331D-04
  -.98603518443263D-04  0.10214862898630D-03  0.00000000000000D+00
  0.81105748566013D-04  0.27079032445226D-04  0.00000000000000D+00
  0.17555381759499D-03  0.13399753678067D-03  0.00000000000000D+00
  -.11654920988668D-03  -.13929213303840D-03  -.21821063662331D-04
  -.14794897776660D-03  0.80567373359208D-05  0.00000000000000D+00
  -.14039911065628D-03  0.12705569156193D-03  0.00000000000000D+00
  0.38923683410602D-04  0.10696099375186D-04  0.00000000000000D+00
  cycle =     15    SCF energy =     -457.8891713408   |dE/dxyz| =  0.000434
    6.19112502922387      1.76483266378047      0.00000000000000      c
    3.44751351185439      1.02021951449392      0.00000000000000      c
    7.13405543670578      0.96853971260552     -1.66872902553140      h
    7.13405543670578      0.96853971260552      1.66872902553140      h
    6.36987087489977      3.82271298240870      0.00000000000000      h
    3.08359009435913     -1.45193792698739      0.00000000000000      o
    1.72365209797604      2.60337731554922      0.00000000000000      o
    1.18678669576696     -1.84883582017057      0.00000000000000      h
   -7.13405543670578     -0.96853971260552     -1.66872902553140      h
   -3.08359009435913      1.45193792698739      0.00000000000000      o
   -3.44751351185439     -1.02021951449391      0.00000000000000      c
   -6.19112502922387     -1.76483266378047      0.00000000000000      c
   -7.13405543670578     -0.96853971260552      1.66872902553140      h
   -1.18678669576696      1.84883582017057      0.00000000000000      h
   -6.36987087489977     -3.82271298240870      0.00000000000000      h
   -1.72365209797604     -2.60337731554922      0.00000000000000      o
  0.60244058631198D-04  -.14326636637335D-03  0.00000000000000D+00
  -.17059231008171D-04  0.30954317836451D-04  0.00000000000000D+00
  0.11155468742308D-03  0.86659527813143D-04  -.71160345179955D-04
  0.11155468742308D-03  0.86659527813143D-04  0.71160345179955D-04
  0.74624182080096D-05  -.38354882301667D-04  0.00000000000000D+00
  0.45878607680128D-04  -.53426636159246D-04  0.00000000000000D+00
  -.77805766547256D-04  -.34341836312821D-04  0.00000000000000D+00
  0.71805739800812D-04  0.40132810601515D-05  0.00000000000000D+00
  -.11155468742308D-03  -.86659527813143D-04  -.71160345179955D-04
  -.45878607680128D-04  0.53426636159398D-04  0.00000000000000D+00
  0.17059231008171D-04  -.30954317836396D-04  0.00000000000000D+00
  -.60244058631198D-04  0.14326636637330D-03  0.00000000000000D+00
  -.11155468742308D-03  -.86659527813143D-04  0.71160345179955D-04
  -.71805739800812D-04  -.40132810603319D-05  0.00000000000000D+00
  -.74624182080651D-05  0.38354882301667D-04  0.00000000000000D+00
  0.77805766547256D-04  0.34341836312787D-04  0.00000000000000D+00
  cycle =     16    SCF energy =     -457.8891718163   |dE/dxyz| =  0.000351
    6.19118497147367      1.76504258064872      0.00000000000000      c
    3.44759557512239      1.02035624886497      0.00000000000000      c
    7.13375557974929      0.96819740017619     -1.66876011793842      h
    7.13375557974929      0.96819740017619      1.66876011793842      h
    6.36923275290908      3.82299652204783      0.00000000000000      h
    3.08274501981451     -1.45147706525836      0.00000000000000      o
    1.72406565825891      2.60391919630670      0.00000000000000      o
    1.18560881205072     -1.84832736118074      0.00000000000000      h
   -7.13375557974929     -0.96819740017619     -1.66876011793842      h
   -3.08274501981451      1.45147706525836      0.00000000000000      o
   -3.44759557512239     -1.02035624886496      0.00000000000000      c
   -6.19118497147367     -1.76504258064872      0.00000000000000      c
   -7.13375557974929     -0.96819740017619      1.66876011793842      h
   -1.18560881205072      1.84832736118074      0.00000000000000      h
   -6.36923275290908     -3.82299652204783      0.00000000000000      h
   -1.72406565825891     -2.60391919630670      0.00000000000000      o
  0.98972511818007D-04  -.44645784108122D-04  0.00000000000000D+00
  0.36210503727541D-04  -.10733178675310D-04  0.00000000000000D+00
  0.10038420133274D-03  0.45877531854477D-04  -.87980971920976D-04
  0.10038420133274D-03  0.45877531854477D-04  0.87980971920976D-04
  -.32496609329136D-04  -.17509283185613D-04  0.00000000000000D+00
  0.42796520195787D-04  0.21092107740324D-04  0.00000000000000D+00
  -.27257347870124D-04  -.61204168797058D-04  0.00000000000000D+00
  0.17703593270579D-04  -.98636385027460D-05  0.00000000000000D+00
  -.10038420133274D-03  -.45877531854477D-04  -.87980971920976D-04
  -.42796520195787D-04  -.21092107740171D-04  0.00000000000000D+00
  -.36210503727541D-04  0.10733178675365D-04  0.00000000000000D+00
  -.98972511818007D-04  0.44645784108066D-04  0.00000000000000D+00
  -.10038420133274D-03  -.45877531854477D-04  0.87980971920976D-04
  -.17703593270579D-04  0.98636385025656D-05  0.00000000000000D+00
  0.32496609329080D-04  0.17509283185613D-04  0.00000000000000D+00
  0.27257347870124D-04  0.61204168797024D-04  0.00000000000000D+00
  cycle =     17    SCF energy =     -457.8891723322   |dE/dxyz| =  0.000305
    6.19083940946339      1.76540028572830      0.00000000000000      c
    3.44750832236143      1.02056088138286      0.00000000000000      c
    7.13300852643750      0.96767837008476     -1.66840217975353      h
    7.13300852643750      0.96767837008476      1.66840217975353      h
    6.36875376792702      3.82335386633176      0.00000000000000      h
    3.08177401956901     -1.45113982916108      0.00000000000000      o
    1.72453779745273      2.60471667993834      0.00000000000000      o
    1.18443438839415     -1.84779523464566      0.00000000000000      h
   -7.13300852643750     -0.96767837008476     -1.66840217975353      h
   -3.08177401956901      1.45113982916108      0.00000000000000      o
   -3.44750832236143     -1.02056088138285      0.00000000000000      c
   -6.19083940946339     -1.76540028572830      0.00000000000000      c
   -7.13300852643750     -0.96767837008476      1.66840217975353      h
   -1.18443438839415      1.84779523464566      0.00000000000000      h
   -6.36875376792702     -3.82335386633176      0.00000000000000      h
   -1.72453779745273     -2.60471667993834      0.00000000000000      o
  0.11339228902429D-03  0.61090838077899D-04  0.00000000000000D+00
  0.91186094366619D-04  -.28870962587510D-04  0.00000000000000D+00
  0.60022528563630D-04  0.18138552591751D-04  -.33240079082786D-04
  0.60022528563630D-04  0.18138552591751D-04  0.33240079082786D-04
  -.53524980773559D-04  0.59631701668228D-06  0.00000000000000D+00
  0.49349062285486D-05  -.25093737235360D-05  0.00000000000000D+00
  0.65656653640167D-04  -.58556189091129D-04  0.00000000000000D+00
  0.58868138008705D-06  -.18436467959411D-05  0.00000000000000D+00
  -.60022528563630D-04  -.18138552591751D-04  -.33240079082786D-04
  -.49349062285486D-05  0.25093737236886D-05  0.00000000000000D+00
  -.91186094366619D-04  0.28870962587565D-04  0.00000000000000D+00
  -.11339228902429D-03  -.61090838077954D-04  0.00000000000000D+00
  -.60022528563630D-04  -.18138552591751D-04  0.33240079082786D-04
  -.58868138008705D-06  0.18436467957607D-05  0.00000000000000D+00
  0.53524980773503D-04  -.59631701668228D-06  0.00000000000000D+00
  -.65656653640167D-04  0.58556189091095D-04  0.00000000000000D+00
  cycle =     19    SCF energy =     -458.4043527052   |dE/dxyz| =  0.026560
    6.19016339137319      1.76552782872454      0.00000000000000      c
    3.44712051924675      1.02077717340289      0.00000000000000      c
    7.13220711159314      0.96723109398734     -1.66800830123009      h
    7.13220711159314      0.96723109398734      1.66800830123009      h
    6.36860505376811      3.82351190004012      0.00000000000000      h
    3.08114665293071     -1.45085563086919      0.00000000000000      o
    1.72464103713054      2.60547329661343      0.00000000000000      o
    1.18372426620922     -1.84742005230075      0.00000000000000      h
   -7.13220711159314     -0.96723109398734     -1.66800830123009      h
   -3.08114665293071      1.45085563086919      0.00000000000000      o
   -3.44712051924675     -1.02077717340288      0.00000000000000      c
   -6.19016339137319     -1.76552782872454      0.00000000000000      c
   -7.13220711159314     -0.96723109398734      1.66800830123009      h
   -1.18372426620922      1.84742005230075      0.00000000000000      h
   -6.36860505376811     -3.82351190004012      0.00000000000000      h
   -1.72464103713054     -2.60547329661343      0.00000000000000      o
  -.33494983660892D-02  -.56610594651257D-03  0.00000000000000D+00
  0.56378666040536D-02  -.18036052606233D-02  0.00000000000000D+00
  0.23547795161329D-02  -.15994649951739D-02  -.31835390962847D-02
  0.23547795161329D-02  -.15994649951739D-02  0.31835390962847D-02
  0.62085223093887D-03  0.44102607636285D-02  0.00000000000000D+00
  0.64859451655782D-02  -.62288208444702D-02  0.00000000000000D+00
  -.72276085988915D-02  0.86381026554442D-02  0.00000000000000D+00
  -.64548794888140D-02  -.66313818837638D-03  0.00000000000000D+00
  -.23547795161329D-02  0.15994649951739D-02  -.31835390962847D-02
  -.64859451655782D-02  0.62288208444703D-02  0.00000000000000D+00
  -.56378666040536D-02  0.18036052606233D-02  0.00000000000000D+00
  0.33494983660892D-02  0.56610594651252D-03  0.00000000000000D+00
  -.23547795161329D-02  0.15994649951739D-02  0.31835390962847D-02
  0.64548794888140D-02  0.66313818837628D-03  0.00000000000000D+00
  -.62085223093893D-03  -.44102607636285D-02  0.00000000000000D+00
  0.72276085988915D-02  -.86381026554442D-02  0.00000000000000D+00
  cycle =     20    SCF energy =     -458.4049777093   |dE/dxyz| =  0.005117
    6.19223559484121      1.76145981323745      0.00000000000000      c
    3.44955716201978      1.02387885194902      0.00000000000000      c
    7.11948507904330      0.96706164046612     -1.66162008002031      h
    7.11948507904330      0.96706164046612      1.66162008002031      h
    6.36794167433883      3.81256091434492      0.00000000000000      h
    3.08991584728760     -1.44125838972796      0.00000000000000      o
    1.73094263391672      2.58503366918946      0.00000000000000      o
    1.22595624499544     -1.84995048408362      0.00000000000000      h
   -7.11948507904330     -0.96706164046612     -1.66162008002031      h
   -3.08991584728760      1.44125838972796      0.00000000000000      o
   -3.44955716201978     -1.02387885194901      0.00000000000000      c
   -6.19223559484121     -1.76145981323745      0.00000000000000      c
   -7.11948507904330     -0.96706164046612      1.66162008002031      h
   -1.22595624499544      1.84995048408362      0.00000000000000      h
   -6.36794167433883     -3.81256091434492      0.00000000000000      h
   -1.73094263391672     -2.58503366918946      0.00000000000000      o
  0.42439747246814D-03  -.21669523947966D-02  0.00000000000000D+00
  -.77950918863171D-03  0.10035673512109D-02  0.00000000000000D+00
  -.78555809215564D-04  0.76632776169122D-04  0.86871122513488D-04
  -.78555809215564D-04  0.76632776169122D-04  -.86871122513488D-04
  0.83581519645673D-04  0.19299452230366D-02  0.00000000000000D+00
  -.12863731956785D-02  -.11102889950068D-03  0.00000000000000D+00
  0.23795553957479D-03  -.79308183332204D-03  0.00000000000000D+00
  0.65279600512447D-03  -.22792435645579D-03  0.00000000000000D+00
  0.78555809215564D-04  -.76632776169122D-04  0.86871122513488D-04
  0.12863731956785D-02  0.11102889950078D-03  0.00000000000000D+00
  0.77950918863171D-03  -.10035673512108D-02  0.00000000000000D+00
  -.42439747246814D-03  0.21669523947965D-02  0.00000000000000D+00
  0.78555809215564D-04  -.76632776169122D-04  -.86871122513488D-04
  -.65279600512447D-03  0.22792435645571D-03  0.00000000000000D+00
  -.83581519645728D-04  -.19299452230366D-02  0.00000000000000D+00
  -.23795553957479D-03  0.79308183332201D-03  0.00000000000000D+00
  cycle =     21    SCF energy =     -458.4049962465   |dE/dxyz| =  0.000597
    6.19097924008477      1.76342834343170      0.00000000000000      c
    3.45083451990382      1.02348986503041      0.00000000000000      c
    7.11848612587290      0.96705104278891     -1.66135218609440      h
    7.11848612587290      0.96705104278891      1.66135218609440      h
    6.36750378074215      3.80828627383140      0.00000000000000      h
    3.09479505129941     -1.44141422939224      0.00000000000000      o
    1.73101021359007      2.58545002517708      0.00000000000000      o
    1.22812765494244     -1.84921360434684      0.00000000000000      h
   -7.11848612587290     -0.96705104278891     -1.66135218609440      h
   -3.09479505129941      1.44141422939224      0.00000000000000      o
   -3.45083451990382     -1.02348986503040      0.00000000000000      c
   -6.19097924008477     -1.76342834343170      0.00000000000000      c
   -7.11848612587290     -0.96705104278891      1.66135218609440      h
   -1.22812765494244      1.84921360434684      0.00000000000000      h
   -6.36750378074215     -3.80828627383140      0.00000000000000      h
   -1.73101021359007     -2.58545002517708      0.00000000000000      o
  -.99796995987833D-04  0.57038913000768D-04  0.00000000000000D+00
  -.21053134334911D-03  0.88075904972978D-04  0.00000000000000D+00
  -.22362890749972D-04  -.43945124468314D-04  -.45017210318909D-04
  -.22362890749972D-04  -.43945124468314D-04  0.45017210318909D-04
  -.48324238709527D-04  -.15670779796709D-03  0.00000000000000D+00
  0.15123440026060D-03  0.87151725405632D-04  0.00000000000000D+00
  -.53119498438919D-04  0.81589345084510D-04  0.00000000000000D+00
  -.84210758862890D-04  -.17376180278474D-03  0.00000000000000D+00
  0.22362890749972D-04  0.43945124468342D-04  -.45017210318909D-04
  -.15123440026060D-03  -.87151725405535D-04  0.00000000000000D+00
  0.21053134334911D-03  -.88075904972923D-04  0.00000000000000D+00
  0.99796995987833D-04  -.57038913000879D-04  0.00000000000000D+00
  0.22362890749972D-04  0.43945124468342D-04  0.45017210318909D-04
  0.84210758862890D-04  0.17376180278466D-03  0.00000000000000D+00
  0.48324238709471D-04  0.15670779796709D-03  0.00000000000000D+00
  0.53119498438919D-04  -.81589345084537D-04  0.00000000000000D+00
  cycle =     22    SCF energy =     -458.4049967611   |dE/dxyz| =  0.000425
    6.19129077077560      1.76330656491645      0.00000000000000      c
    3.45110119142078      1.02323686646896      0.00000000000000      c
    7.11895807258588      0.96741195604665     -1.66137558759811      h
    7.11895807258588      0.96741195604665      1.66137558759811      h
    6.36777153813642      3.80841844459716      0.00000000000000      h
    3.09454989509723     -1.44165176855138      0.00000000000000      o
    1.73107393900650      2.58510946121816      0.00000000000000      o
    1.22812017749473     -1.84900315568352      0.00000000000000      h
   -7.11895807258588     -0.96741195604665     -1.66137558759811      h
   -3.09454989509723      1.44165176855138      0.00000000000000      o
   -3.45110119142078     -1.02323686646895      0.00000000000000      c
   -6.19129077077560     -1.76330656491645      0.00000000000000      c
   -7.11895807258588     -0.96741195604665      1.66137558759811      h
   -1.22812017749473      1.84900315568352      0.00000000000000      h
   -6.36777153813642     -3.80841844459716      0.00000000000000      h
   -1.73107393900650     -2.58510946121816      0.00000000000000      o
  -.70796586090383D-04  -.58248504220343D-04  0.00000000000000D+00
  -.10717442050326D-03  0.66415571898806D-04  0.00000000000000D+00
  -.29921459795412D-04  -.12415226965851D-04  -.25880618289675D-04
  -.29921459795412D-04  -.12415226965851D-04  0.25880618289675D-04
  -.20681143363330D-04  -.76483100869829D-04  0.00000000000000D+00
  -.28219173017041D-04  0.44823813982207D-04  0.00000000000000D+00
  -.14528795165730D-03  0.92861024916235D-04  0.00000000000000D+00
  0.15339693405614D-04  -.15374236194526D-03  0.00000000000000D+00
  0.29921459795412D-04  0.12415226965878D-04  -.25880618289675D-04
  0.28219173017041D-04  -.44823813982110D-04  0.00000000000000D+00
  0.10717442050326D-03  -.66415571898751D-04  0.00000000000000D+00
  0.70796586090383D-04  0.58248504220232D-04  0.00000000000000D+00
  0.29921459795412D-04  0.12415226965878D-04  0.25880618289675D-04
  -.15339693405614D-04  0.15374236194517D-03  0.00000000000000D+00
  0.20681143363274D-04  0.76483100869829D-04  0.00000000000000D+00
  0.14528795165730D-03  -.92861024916263D-04  0.00000000000000D+00
  cycle =     23    SCF energy =     -458.4049977619   |dE/dxyz| =  0.000560
    6.19217807159108      1.76327050591188      0.00000000000000      c
    3.45202779759120      1.02248430111043      0.00000000000000      c
    7.12012710512952      0.96822907963398     -1.66146259922424      h
    7.12012710512952      0.96822907963398      1.66146259922424      h
    6.36841324924930      3.80875214089884      0.00000000000000      h
    3.09473010678881     -1.44232337511151      0.00000000000000      o
    1.73159920064901      2.58397077459133      0.00000000000000      o
    1.22834065144720     -1.84817273869951      0.00000000000000      h
   -7.12012710512952     -0.96822907963398     -1.66146259922424      h
   -3.09473010678881      1.44232337511151      0.00000000000000      o
   -3.45202779759120     -1.02248430111042      0.00000000000000      c
   -6.19217807159108     -1.76327050591188      0.00000000000000      c
   -7.12012710512952     -0.96822907963398      1.66146259922424      h
   -1.22834065144720      1.84817273869951      0.00000000000000      h
   -6.36841324924930     -3.80875214089884      0.00000000000000      h
   -1.73159920064901     -2.58397077459133      0.00000000000000      o
  -.27738835913171D-04  -.19025703435549D-03  0.00000000000000D+00
  -.89855273671113D-05  0.33493370214938D-05  0.00000000000000D+00
  -.47681823753476D-04  0.35878518737598D-04  -.42503340875744D-05
  -.47681823753476D-04  0.35878518737598D-04  0.42503340875744D-05
  0.32581474015372D-04  0.36171098905080D-04  0.00000000000000D+00
  -.21166578875154D-03  0.14245460808714D-04  0.00000000000000D+00
  -.20650158026528D-03  0.58596294864918D-04  0.00000000000000D+00
  0.10250310506060D-03  -.92205583633334D-04  0.00000000000000D+00
  0.47681823753476D-04  -.35878518737570D-04  -.42503340875744D-05
  0.21166578875154D-03  -.14245460808616D-04  0.00000000000000D+00
  0.89855273671113D-05  -.33493370214382D-05  0.00000000000000D+00
  0.27738835913171D-04  0.19025703435538D-03  0.00000000000000D+00
  0.47681823753476D-04  -.35878518737570D-04  0.42503340875744D-05
  -.10250310506060D-03  0.92205583633251D-04  0.00000000000000D+00
  -.32581474015428D-04  -.36171098905080D-04  0.00000000000000D+00
  0.20650158026528D-03  -.58596294864946D-04  0.00000000000000D+00
  cycle =     24    SCF energy =     -458.4049989764   |dE/dxyz| =  0.000506
    6.19372053893535      1.76359728180225      0.00000000000000      c
    3.45390898259847      1.02140350243380      0.00000000000000      c
    7.12185435267255      0.96921628963635     -1.66167924926710      h
    7.12185435267255      0.96921628963635      1.66167924926710      h
    6.36921104423440      3.80916745363438      0.00000000000000      h
    3.09636088926064     -1.44356788066425      0.00000000000000      o
    1.73273807305500      2.58187729026937      0.00000000000000      o
    1.22959471125746     -1.84672252574280      0.00000000000000      h
   -7.12185435267255     -0.96921628963635     -1.66167924926710      h
   -3.09636088926064      1.44356788066425      0.00000000000000      o
   -3.45390898259847     -1.02140350243379      0.00000000000000      c
   -6.19372053893535     -1.76359728180225      0.00000000000000      c
   -7.12185435267255     -0.96921628963635      1.66167924926710      h
   -1.22959471125746      1.84672252574280      0.00000000000000      h
   -6.36921104423440     -3.80916745363438      0.00000000000000      h
   -1.73273807305500     -2.58187729026937      0.00000000000000      o
  -.11130090327827D-04  -.14322105986309D-03  0.00000000000000D+00
  0.41173641540992D-04  -.86891440301273D-05  0.00000000000000D+00
  -.66374019551563D-04  0.53080656934129D-04  -.23470312964791D-04
  -.66374019551563D-04  0.53080656934129D-04  0.23470312964791D-04
  0.66596301614846D-04  0.45140382400194D-04  0.00000000000000D+00
  -.21332496173476D-03  -.55026492803478D-04  0.00000000000000D+00
  -.16693826153538D-03  -.25659122019808D-04  0.00000000000000D+00
  0.79009023626397D-04  0.16492590524594D-04  0.00000000000000D+00
  0.66374019551563D-04  -.53080656934101D-04  -.23470312964791D-04
  0.21332496173476D-03  0.55026492803575D-04  0.00000000000000D+00
  -.41173641540992D-04  0.86891440301828D-05  0.00000000000000D+00
  0.11130090327827D-04  0.14322105986297D-03  0.00000000000000D+00
  0.66374019551563D-04  -.53080656934101D-04  0.23470312964791D-04
  -.79009023626397D-04  -.16492590524678D-04  0.00000000000000D+00
  -.66596301614902D-04  -.45140382400194D-04  0.00000000000000D+00
  0.16693826153538D-03  0.25659122019780D-04  0.00000000000000D+00
  cycle =     25    SCF energy =     -458.4049994970   |dE/dxyz| =  0.000275
    6.19471959782336      1.76394527765940      0.00000000000000      c
    3.45517331045681      1.02082030201480      0.00000000000000      c
    7.12291735817844      0.96956675644059     -1.66173126683208      h
    7.12291735817844      0.96956675644059      1.66173126683208      h
    6.36946754014702      3.80943277956437      0.00000000000000      h
    3.09808227691093     -1.44421258829803      0.00000000000000      o
    1.73363595173884      2.58068216921765      0.00000000000000      o
    1.23084966980312     -1.84602947122096      0.00000000000000      h
   -7.12291735817844     -0.96956675644059     -1.66173126683208      h
   -3.09808227691093      1.44421258829803      0.00000000000000      o
   -3.45517331045681     -1.02082030201479      0.00000000000000      c
   -6.19471959782336     -1.76394527765940      0.00000000000000      c
   -7.12291735817844     -0.96956675644059      1.66173126683208      h
   -1.23084966980312      1.84602947122096      0.00000000000000      h
   -6.36946754014702     -3.80943277956437      0.00000000000000      h
   -1.73363595173884     -2.58068216921765      0.00000000000000      o
  -.12487444398357D-04  -.31645252177193D-04  0.00000000000000D+00
  -.21122432615844D-04  -.53624675753872D-04  0.00000000000000D+00
  -.70573436646182D-04  0.31527495938349D-04  -.42724261706040D-04
  -.70573436646182D-04  0.31527495938349D-04  0.42724261706040D-04
  0.54240995258012D-04  0.27675657942594D-05  0.00000000000000D+00
  -.53579683991778D-05  -.14233960905830D-04  0.00000000000000D+00
  -.61622115715504D-04  -.69264772640673D-04  0.00000000000000D+00
  -.39824273445621D-04  0.66656848490297D-04  0.00000000000000D+00
  0.70573436646182D-04  -.31527495938322D-04  -.42724261706040D-04
  0.53579683991778D-05  0.14233960905927D-04  0.00000000000000D+00
  0.21122432615844D-04  0.53624675753927D-04  0.00000000000000D+00
  0.12487444398357D-04  0.31645252177082D-04  0.00000000000000D+00
  0.70573436646182D-04  -.31527495938322D-04  0.42724261706040D-04
  0.39824273445621D-04  -.66656848490380D-04  0.00000000000000D+00
  -.54240995258067D-04  -.27675657942594D-05  0.00000000000000D+00
  0.61622115715504D-04  0.69264772640645D-04  0.00000000000000D+00
$end
