$hessapprox
  0.454075037774D+00  0.457394622648D-01  0.549893236512D+00  0.117032633022D-16
  0.132568491849D-17  0.422741527086D+00 -0.695332310019D-01 -0.334296815271D-02
 -0.112316037554D-16  0.643412346247D+00 -0.371542224144D-02 -0.107969339580D+00
 -0.835610648633D-17 -0.794236364306D-01  0.578609938218D+00  0.142171609400D-16
  0.158287058697D-16 -0.569740990729D-01 -0.238003658395D-16  0.149842763779D-16
  0.454353069120D+00 -0.551756188115D-01  0.328755464255D-01 -0.110873692072D-01
 -0.302423308153D-01  0.150394056545D-01 -0.603403857232D-02  0.406931618173D+00
  0.121835162893D-01 -0.732663610790D-01 -0.459941396644D-02  0.108099788809D-01
 -0.415805001122D-01 -0.315067562621D-02 -0.258368736109D-01  0.355018090344D+00
  0.309303772308D-01 -0.285639257987D-01 -0.813201061644D-01  0.105252578598D-01
  0.118224440567D-01 -0.588749415449D-01 -0.246659152329D-02  0.138053153256D-01
  0.375978028412D+00 -0.551756188115D-01  0.328755464255D-01  0.110873692072D-01
 -0.302423308153D-01  0.150394056545D-01  0.603403857232D-02 -0.835318268332D-01
 -0.383227497088D-01  0.310635930151D-01  0.406931618173D+00  0.121835162893D-01
 -0.732663610790D-01  0.459941396644D-02  0.108099788809D-01 -0.415805001122D-01
  0.315067562621D-02 -0.383227497088D-01 -0.925037062904D-01 -0.913874126469D-02
 -0.258368736109D-01  0.355018090344D+00 -0.309303772308D-01  0.285639257987D-01
 -0.813201061644D-01 -0.105252578598D-01 -0.118224440567D-01 -0.588749415449D-01
 -0.310635930151D-01  0.913874126469D-02 -0.685238963982D-01  0.246659152329D-02
 -0.138053153256D-01  0.375978028412D+00 -0.299486828482D-01 -0.920224024354D-02
 -0.544597277025D-17 -0.250270827778D-01  0.375755637899D-01 -0.140760449111D-17
 -0.518429466831D-01  0.141671031255D-01 -0.293107536227D-01 -0.518429466831D-01
  0.141671031255D-01  0.293107536227D-01  0.388332812880D+00 -0.146100546229D-01
 -0.182571954955D+00 -0.326915265881D-17  0.272980210993D-01 -0.239076628871D-01
 -0.355334612989D-17  0.160664027258D-01 -0.416358188551D-01  0.655323135402D-02
  0.160664027258D-01 -0.416358188551D-01 -0.655323135402D-02  0.109987276505D-01
  0.409518167911D+00  0.973932505184D-17 -0.696840450755D-17 -0.841135677755D-01
  0.142332487836D-16 -0.844845468915D-17 -0.615032838439D-01 -0.389537207073D-02
 -0.362988834041D-01 -0.689575158935D-01  0.389537207073D-02  0.362988834041D-01
 -0.689575158935D-01 -0.281877000161D-17  0.888443408699D-17  0.370696710832D+00
 -0.385885425718D-01 -0.367280113360D-01 -0.263510469497D-16 -0.830756194273D-01
  0.255645042914D-01  0.282403814089D-16 -0.209362902180D-01 -0.315981369810D-02
  0.101083351844D-01 -0.209362902180D-01 -0.315981369810D-02 -0.101083351844D-01
 -0.303311957983D-01  0.174462474517D-01  0.109826615989D-16  0.423996536033D+00
  0.189683408766D-01 -0.975714159681D-02 -0.126937653485D-17 -0.187872952992D-01
 -0.981661389423D-01 -0.194072937162D-16  0.160367082285D-01 -0.509932793632D-01
 -0.132799007170D-02  0.160367082285D-01 -0.509932793632D-01  0.132799007170D-02
  0.366364606315D-01 -0.643342137989D-01  0.149934688031D-16  0.153450269924D-01
  0.478114183559D+00  0.353806271007D-16 -0.132795074102D-17 -0.477299090618D-01
 -0.371387714661D-16  0.115685797339D-16 -0.396561124712D-01 -0.142375002018D-01
  0.343532153652D-01 -0.721952776698D-01  0.142375002018D-01 -0.343532153652D-01
 -0.721952776698D-01 -0.529454672133D-17  0.710966919992D-17 -0.687336070077D-02
 -0.136113842886D-16  0.166144641660D-16  0.412570594680D+00 -0.197425779791D-02
  0.539684429220D-01 -0.363197722990D-17 -0.147793117883D+00  0.664731040336D-01
  0.154665578076D-16 -0.211392175534D-01  0.202223055120D-01  0.568113527031D-03
 -0.211392175534D-01  0.202223055120D-01 -0.568113527031D-03 -0.331120296903D-01
  0.162020211806D-01 -0.644557945978D-17  0.142073998210D-01  0.139949125566D-02
  0.248349916546D-16  0.561799010391D+00  0.117734395413D-02 -0.537502822765D-01
 -0.141244869004D-17  0.105523893097D+00 -0.111031637382D+00 -0.804037867315D-17
  0.172219831019D-01 -0.352069517304D-01 -0.297765991803D-02  0.172219831019D-01
 -0.352069517304D-01  0.297765991803D-02  0.413765716526D-01 -0.226196442916D-01
 -0.197678557683D-17  0.559682599689D-02 -0.487242342964D-01 -0.449359725040D-16
 -0.921378877362D-01  0.490543356683D+00 -0.328883540688D-16 -0.335733259967D-16
 -0.498902644930D-01  0.259813812518D-16  0.210038519147D-17 -0.424040673873D-01
  0.481760774434D-02 -0.345108380542D-01 -0.306694925876D-01 -0.481760774434D-02
  0.345108380542D-01 -0.306694925876D-01  0.157600234069D-17  0.225427776118D-16
 -0.919463158064D-01  0.180756594406D-16 -0.156066204443D-16  0.766694196883D-02
 -0.161612259682D-16  0.342191412635D-16  0.419848347611D+00 -0.298854526287D-01
  0.157568893974D-01  0.188436158795D-16 -0.270446147461D-01 -0.397809738938D-01
 -0.262327582889D-16 -0.141015108901D-01 -0.801317187991D-02  0.100586843054D-01
 -0.141015108901D-01 -0.801317187991D-02 -0.100586843054D-01 -0.252094767654D-01
 -0.372274194486D-02 -0.785036046554D-17 -0.151749305887D+00  0.103950945985D-01
  0.200179720705D-17 -0.362851786696D-01  0.550990424143D-01 -0.258756282108D-17
  0.356758768940D+00  0.660275422927D-02 -0.137948016639D-01  0.734155597142D-17
 -0.187190009574D-02 -0.536523763146D-01 -0.540088852335D-17  0.101959662383D-01
 -0.387201043255D-01  0.164297695815D-01  0.101959662383D-01 -0.387201043255D-01
 -0.164297695815D-01  0.598041053238D-01 -0.528218570858D-02 -0.818408562773D-17
  0.144506619692D-01 -0.579083022330D-01 -0.643518036376D-17 -0.154465145304D-01
 -0.714920544128D-01  0.752958973894D-17  0.171262631617D-01  0.410564364548D+00
 -0.589618360392D-16 -0.134636678121D-18 -0.340269595931D-01  0.452021296509D-16
 -0.770752394273D-17 -0.320439794623D-01 -0.102993007915D-01  0.334924824744D-01
 -0.558574763518D-01  0.102993007915D-01 -0.334924824744D-01 -0.558574763518D-01
  0.142137694600D-16 -0.152315249789D-16  0.618649813133D-02  0.116642366783D-16
 -0.115730785775D-16 -0.794041477287D-01 -0.275753520969D-16  0.465116335288D-16
  0.103906762035D-01  0.256569456666D-17  0.357115894383D-17  0.424343349849D+00
 -0.732438118870D-02 -0.328755464255D-01 -0.110873692072D-01 -0.322576691847D-01
 -0.150394056545D-01 -0.603403857229D-02  0.210318268333D-01  0.383227497088D-01
 -0.310635930151D-01  0.305683818267D-01  0.258368736109D-01 -0.246659152339D-02
 -0.106570533169D-01 -0.160664027258D-01 -0.389537207070D-02 -0.415637097822D-01
 -0.160367082285D-01 -0.142375002017D-01 -0.413607824464D-01 -0.172219831020D-01
  0.481760774438D-02 -0.483984891100D-01 -0.101959662384D-01 -0.102993007915D-01
  0.406931618173D+00 -0.121835162894D-01  0.107663610788D-01 -0.459941396646D-02
 -0.108099788810D-01 -0.209194998875D-01 -0.315067562624D-02  0.383227497089D-01
  0.300037062905D-01  0.913874126466D-02  0.258368736109D-01  0.824819096554D-01
  0.138053153256D-01 -0.141671031254D-01 -0.208641811448D-01 -0.362988834041D-01
  0.315981369821D-02 -0.115067206364D-01  0.343532153653D-01 -0.202223055120D-01
 -0.272930482695D-01 -0.345108380542D-01  0.801317187982D-02 -0.237798956745D-01
  0.334924824743D-01 -0.258368736110D-01  0.355018090344D+00  0.309303772308D-01
 -0.285639257988D-01  0.188201061647D-01  0.105252578597D-01  0.118224440567D-01
 -0.362505845528D-02  0.310635930152D-01 -0.913874126469D-02  0.602389639773D-02
 -0.246659152332D-02  0.138053153256D-01  0.615219715893D-01 -0.293107536227D-01
  0.655323135404D-02  0.645751589336D-02  0.101083351844D-01 -0.132799007171D-02
  0.969527766971D-02  0.568113526991D-03 -0.297765991801D-02 -0.318305074127D-01
  0.100586843054D-01  0.164297695815D-01 -0.664252364826D-02  0.246659152342D-02
 -0.138053153256D-01  0.375978028412D+00 -0.239114574281D-01  0.367280113362D-01
  0.266708226155D-16  0.205756194273D-01 -0.255645042915D-01 -0.280677102888D-16
 -0.415637097821D-01  0.315981369803D-02 -0.101083351845D-01 -0.415637097821D-01
  0.315981369803D-02  0.101083351845D-01 -0.321688042016D-01 -0.174462474516D-01
 -0.105742144749D-16  0.135034639674D-01 -0.153450269921D-01  0.140522706795D-16
 -0.767073998209D-01 -0.559682599698D-02 -0.175147839045D-16  0.892493058866D-01
 -0.144506619692D-01 -0.119791747472D-16 -0.209362902179D-01 -0.315981369805D-02
 -0.101083351845D-01  0.423996536033D+00 -0.189683408765D-01 -0.527428584032D-01
  0.149413198085D-17  0.187872952990D-01  0.356661389419D-01  0.195888223396D-16
 -0.160367082284D-01 -0.115067206365D-01  0.132799007177D-02 -0.160367082284D-01
 -0.115067206365D-01 -0.132799007177D-02 -0.366364606314D-01  0.183421379895D-02
 -0.161737744111D-16 -0.153450269924D-01 -0.406141835594D-01 -0.177783888717D-16
 -0.139949125563D-02 -0.137757657034D-01  0.172507079692D-16 -0.103950945985D-01
 -0.459169776697D-02  0.116114029199D-16  0.160367082285D-01 -0.509932793633D-01
  0.132799007178D-02  0.153450269921D-01  0.478114183559D+00  0.194001501929D-16
  0.317193991066D-16 -0.147700909381D-01 -0.205528821530D-16 -0.295315591707D-17
 -0.228438875286D-01  0.142375002017D-01 -0.343532153653D-01  0.969527766966D-02
 -0.142375002017D-01  0.343532153653D-01  0.969527766966D-02 -0.801066968140D-17
 -0.335655048598D-16 -0.556266392990D-01 -0.166308074462D-16  0.219887906447D-16
  0.249294053200D-01  0.152562049520D-16 -0.203007844896D-16 -0.701669419689D-01
  0.123802387977D-16  0.639151132996D-17  0.169041477289D-01  0.142375002017D-01
 -0.343532153654D-01 -0.721952776698D-01  0.159673302714D-16 -0.199474570182D-16
  0.412570594680D+00  0.703323100186D-02  0.334296815243D-02  0.108432066717D-16
 -0.205912346247D+00  0.794236364305D-01  0.240013495525D-16 -0.322576691847D-01
 -0.108099788810D-01 -0.105252578598D-01 -0.322576691847D-01 -0.108099788810D-01
  0.105252578598D-01 -0.374729172217D-01 -0.272980210993D-01 -0.146153473708D-16
  0.205756194273D-01  0.187872952991D-01  0.378786484985D-16  0.852931178827D-01
 -0.105523893096D+00 -0.262807103561D-16 -0.354553852540D-01  0.187190009574D-02
 -0.450945848811D-16 -0.302423308153D-01  0.108099788809D-01 -0.105252578598D-01
 -0.830756194275D-01 -0.187872952990D-01  0.200807222745D-16  0.643412346247D+00
  0.371542224163D-02  0.454693395801D-01  0.714873478176D-17  0.794236364306D-01
 -0.141109938218D+00 -0.149061802468D-16 -0.150394056546D-01 -0.209194998877D-01
 -0.118224440567D-01 -0.150394056546D-01 -0.209194998877D-01  0.118224440567D-01
 -0.375755637900D-01 -0.385923371124D-01  0.102342832866D-16 -0.255645042915D-01
  0.356661389422D-01 -0.140274867538D-16 -0.664731040336D-01  0.485316373815D-01
 -0.103999107525D-17  0.397809738938D-01 -0.884762368523D-02  0.690898312428D-17
  0.150394056546D-01 -0.415805001122D-01 -0.118224440567D-01  0.255645042915D-01
 -0.981661389422D-01  0.495051992421D-17 -0.794236364304D-01  0.578609938217D+00
  0.136141536709D-16  0.279216700519D-16 -0.552590092673D-02 -0.184937085828D-16
 -0.236618826107D-17 -0.168530691212D-01  0.603403857231D-02  0.315067562624D-02
 -0.362505845525D-02 -0.603403857231D-02 -0.315067562624D-02 -0.362505845525D-02
  0.350000377918D-17 -0.477457492344D-17 -0.996716155871D-03  0.676674691181D-17
 -0.691952404377D-17 -0.228438875286D-01  0.109497326290D-16 -0.391483000363D-17
 -0.200959326129D-01 -0.205375517996D-16 -0.720015444525D-17 -0.304560205373D-01
  0.603403857229D-02  0.315067562623D-02 -0.588749415449D-01 -0.664969049664D-17
  0.595146592968D-17 -0.396561124711D-01  0.183769043024D-16  0.210392363424D-17
  0.454353069120D+00 -0.165750377735D-01 -0.457394622647D-01 -0.116113596592D-16
  0.703323100182D-02  0.371542224164D-02 -0.141524587092D-16 -0.732438118865D-02
 -0.121835162893D-01 -0.309303772307D-01 -0.732438118865D-02 -0.121835162893D-01
  0.309303772307D-01 -0.325513171517D-01  0.146100546229D-01 -0.102739318171D-16
 -0.239114574283D-01 -0.189683408768D-01 -0.347815232362D-16 -0.605257422021D-01
 -0.117734395416D-02  0.324851620937D-16 -0.326145473713D-01 -0.660275422921D-02
  0.589801581760D-16 -0.551756188113D-01  0.121835162894D-01 -0.309303772307D-01
 -0.385885425719D-01  0.189683408768D-01 -0.198744248144D-16 -0.695332310017D-01
 -0.371542224180D-02 -0.138333416736D-16  0.454075037773D+00 -0.457394622648D-01
 -0.112393236509D+00 -0.198502825956D-17  0.334296815250D-02  0.454693395801D-01
 -0.162926362841D-16 -0.328755464255D-01  0.107663610788D-01  0.285639257987D-01
 -0.328755464255D-01  0.107663610788D-01 -0.285639257987D-01  0.920224024370D-02
  0.120071954954D+00  0.806383361363D-17  0.367280113361D-01 -0.527428584033D-01
 -0.213534906245D-17 -0.539684429221D-01 -0.874971772356D-02  0.348211805227D-16
 -0.157568893974D-01 -0.487051983365D-01 -0.140117512126D-17  0.328755464255D-01
 -0.732663610790D-01  0.285639257987D-01 -0.367280113363D-01 -0.975714159690D-02
 -0.287798924162D-16 -0.334296815244D-02 -0.107969339580D+00 -0.269867429555D-16
  0.457394622649D-01  0.549893236512D+00  0.829998520539D-17  0.331849291988D-17
  0.147584729126D-01  0.752445184240D-17 -0.201791067624D-16 -0.552590092672D-02
  0.110873692072D-01  0.459941396644D-02  0.188201061647D-01 -0.110873692072D-01
 -0.459941396644D-02  0.188201061647D-01  0.564205753468D-17  0.153108164786D-16
  0.216135677753D-01 -0.178534525377D-16 -0.399277394028D-17 -0.147700909381D-01
 -0.160234543702D-16  0.109180621488D-16 -0.126097355071D-01 -0.282850286620D-17
 -0.534969226166D-17 -0.284730404064D-01  0.110873692072D-01  0.459941396644D-02
 -0.813201061644D-01  0.177790757825D-16  0.223612737053D-17 -0.477299090617D-01
 -0.785121629823D-17  0.199588816436D-16 -0.569740990729D-01 -0.863123580091D-17
 -0.248039531256D-17  0.422741527086D+00 -0.732438118870D-02 -0.328755464255D-01
  0.110873692072D-01 -0.322576691847D-01 -0.150394056545D-01  0.603403857229D-02
  0.305683818267D-01  0.258368736109D-01  0.246659152339D-02  0.210318268333D-01
  0.383227497088D-01  0.310635930151D-01 -0.106570533169D-01 -0.160664027258D-01
  0.389537207070D-02 -0.415637097822D-01 -0.160367082285D-01  0.142375002017D-01
 -0.413607824464D-01 -0.172219831020D-01 -0.481760774438D-02 -0.483984891100D-01
 -0.101959662384D-01  0.102993007915D-01 -0.835318268334D-01 -0.383227497089D-01
 -0.310635930151D-01 -0.209362902179D-01  0.160367082285D-01 -0.142375002017D-01
 -0.302423308153D-01  0.150394056546D-01 -0.603403857229D-02 -0.551756188113D-01
  0.328755464255D-01 -0.110873692072D-01  0.406931618173D+00 -0.121835162894D-01
  0.107663610788D-01  0.459941396646D-02 -0.108099788810D-01 -0.209194998875D-01
  0.315067562624D-02  0.258368736109D-01  0.824819096554D-01 -0.138053153256D-01
  0.383227497089D-01  0.300037062905D-01 -0.913874126466D-02 -0.141671031254D-01
 -0.208641811448D-01  0.362988834041D-01  0.315981369821D-02 -0.115067206364D-01
 -0.343532153653D-01 -0.202223055120D-01 -0.272930482695D-01  0.345108380542D-01
  0.801317187982D-02 -0.237798956745D-01 -0.334924824743D-01 -0.383227497089D-01
 -0.925037062904D-01  0.913874126459D-02 -0.315981369805D-02 -0.509932793633D-01
  0.343532153654D-01  0.108099788809D-01 -0.415805001122D-01 -0.315067562623D-02
  0.121835162894D-01 -0.732663610790D-01 -0.459941396644D-02 -0.258368736110D-01
  0.355018090344D+00 -0.309303772308D-01  0.285639257988D-01  0.188201061647D-01
 -0.105252578597D-01 -0.118224440567D-01 -0.362505845528D-02  0.246659152332D-02
 -0.138053153256D-01  0.615219715893D-01 -0.310635930152D-01  0.913874126469D-02
  0.602389639773D-02  0.293107536227D-01 -0.655323135404D-02  0.645751589336D-02
 -0.101083351844D-01  0.132799007171D-02  0.969527766971D-02 -0.568113526991D-03
  0.297765991801D-02 -0.318305074127D-01 -0.100586843054D-01 -0.164297695815D-01
 -0.664252364826D-02  0.310635930151D-01 -0.913874126459D-02 -0.685238963981D-01
  0.101083351845D-01 -0.132799007178D-02 -0.721952776698D-01  0.105252578598D-01
  0.118224440567D-01 -0.588749415449D-01  0.309303772307D-01 -0.285639257987D-01
 -0.813201061644D-01 -0.246659152342D-02  0.138053153256D-01  0.375978028412D+00
 -0.326145473714D-01 -0.157568893971D-01 -0.178993938999D-16 -0.354553852541D-01
  0.397809738936D-01  0.266999989061D-16 -0.483984891099D-01  0.801317188000D-02
 -0.100586843055D-01 -0.483984891099D-01  0.801317188000D-02  0.100586843055D-01
 -0.372905232345D-01  0.372274194458D-02  0.820253682702D-17  0.892493058867D-01
 -0.103950945984D-01 -0.114930718578D-17 -0.262148213303D-01 -0.550990424145D-01
  0.238810541044D-17  0.807412310610D-01 -0.171262631617D-01 -0.218868124567D-17
 -0.141015108901D-01 -0.801317187988D-02 -0.100586843055D-01 -0.151749305887D+00
  0.103950945984D-01 -0.134860444751D-16 -0.270446147463D-01 -0.397809738936D-01
  0.196383172507D-16 -0.298854526288D-01  0.157568893971D-01  0.134655536608D-17
 -0.141015108901D-01 -0.801317187988D-02  0.100586843055D-01  0.356758768940D+00
 -0.660275422915D-02 -0.487051983365D-01 -0.777020315802D-17  0.187190009563D-02
 -0.884762368526D-02  0.508575866896D-17 -0.101959662383D-01 -0.237798956745D-01
 -0.164297695816D-01 -0.101959662383D-01 -0.237798956745D-01  0.164297695816D-01
 -0.598041053238D-01 -0.572178142914D-01  0.700176160242D-17 -0.144506619691D-01
 -0.459169776698D-02  0.636521993603D-17  0.154465145303D-01  0.899205441291D-02
 -0.900917536447D-17 -0.171262631616D-01  0.269356354524D-01 -0.394463090421D-17
  0.101959662383D-01 -0.387201043255D-01 -0.164297695816D-01  0.144506619692D-01
 -0.579083022330D-01 -0.493991209863D-17 -0.187190009570D-02 -0.536523763145D-01
  0.712860229690D-17  0.660275422911D-02 -0.137948016639D-01  0.539811302261D-17
  0.101959662383D-01 -0.387201043255D-01  0.164297695816D-01  0.171262631618D-01
  0.410564364548D+00 -0.271163187893D-16 -0.853908841718D-17 -0.284730404065D-01
  0.128012886413D-17  0.190716149920D-16 -0.304560205373D-01  0.102993007915D-01
 -0.334924824744D-01 -0.664252364826D-02 -0.102993007915D-01  0.334924824744D-01
 -0.664252364826D-02  0.114400875002D-16  0.290150097052D-17 -0.686864981311D-01
 -0.106045432910D-16 -0.442586868382D-17  0.169041477289D-01  0.479142791530D-17
 -0.639030798743D-17 -0.728906762034D-01  0.929936785768D-17 -0.112929059158D-17
  0.131566501497D-01  0.102993007915D-01 -0.334924824744D-01 -0.558574763518D-01
  0.104468497839D-16  0.555554576465D-17 -0.794041477288D-01 -0.158255361063D-17
 -0.180990382802D-16 -0.320439794623D-01  0.270360792675D-16  0.959661173918D-17
 -0.340269595932D-01 -0.102993007915D-01  0.334924824744D-01 -0.558574763518D-01
 -0.103780781120D-16  0.234909629320D-17  0.424343349849D+00 -0.325513171517D-01
  0.920224024339D-02  0.486730808334D-17 -0.374729172219D-01 -0.375755637897D-01
  0.102390961104D-17 -0.106570533169D-01 -0.141671031255D-01  0.293107536227D-01
 -0.106570533169D-01 -0.141671031255D-01 -0.293107536227D-01  0.491671871186D-01
 -0.109987276503D-01  0.211670877172D-17 -0.321688042016D-01 -0.366364606314D-01
  0.592099211284D-17 -0.293879703093D-01 -0.413765716528D-01 -0.194270678030D-17
 -0.372905232345D-01 -0.598041053239D-01 -0.140011267933D-16 -0.518429466831D-01
  0.141671031255D-01  0.293107536227D-01 -0.303311957983D-01  0.366364606315D-01
  0.792126425332D-17 -0.250270827779D-01  0.375755637898D-01 -0.328743214329D-17
 -0.299486828480D-01 -0.920224024335D-02 -0.524946713028D-17 -0.518429466831D-01
  0.141671031255D-01 -0.293107536227D-01 -0.252094767654D-01  0.598041053236D-01
 -0.114190510367D-16  0.388332812880D+00  0.146100546229D-01  0.120071954954D+00
  0.242917938410D-17 -0.272980210994D-01 -0.385923371127D-01  0.301828505132D-17
 -0.160664027257D-01 -0.208641811448D-01 -0.655323135402D-02 -0.160664027257D-01
 -0.208641811448D-01  0.655323135402D-02 -0.109987276505D-01  0.279818320894D-01
 -0.648257192465D-17 -0.174462474517D-01  0.183421379913D-02 -0.901581038239D-17
 -0.162020211806D-01 -0.398803557083D-01 -0.213023246549D-16  0.372274194479D-02
 -0.572178142915D-01  0.146776715195D-16  0.160664027258D-01 -0.416358188550D-01
 -0.655323135402D-02  0.174462474516D-01 -0.643342137990D-01  0.350961310192D-16
  0.272980210993D-01 -0.239076628872D-01  0.484108643983D-17 -0.146100546230D-01
 -0.182571954955D+00 -0.149389098455D-16  0.160664027258D-01 -0.416358188550D-01
  0.655323135402D-02 -0.372274194464D-02 -0.528218570858D-02 -0.277905968354D-17
  0.109987276504D-01  0.409518167911D+00 -0.747402207478D-17 -0.305213020970D-16
  0.216135677753D-01 -0.915078537633D-17  0.192831367980D-16 -0.996716155877D-03
  0.389537207073D-02  0.362988834042D-01  0.645751589340D-02 -0.389537207073D-02
 -0.362988834042D-01  0.645751589340D-02 -0.336713122386D-17  0.153547068055D-16
  0.668032891683D-01  0.238287549809D-16 -0.568951570801D-17 -0.556266392992D-01
  0.939142678941D-17 -0.561538897425D-17  0.294463158060D-01 -0.669026167052D-17
  0.313287553529D-17 -0.686864981310D-01  0.389537207070D-02  0.362988834041D-01
 -0.689575158936D-01 -0.235898568084D-16  0.432314503695D-17 -0.687336070072D-02
  0.906752494833D-17 -0.189043224427D-16 -0.615032838439D-01  0.711660565336D-17
  0.321178021491D-16 -0.841135677755D-01 -0.389537207070D-02 -0.362988834041D-01
 -0.689575158936D-01  0.633623358407D-17 -0.462159390210D-17  0.618649813134D-02
  0.315653346922D-17 -0.151618177282D-16  0.370696710832D+00 -0.605257422021D-01
 -0.539684429222D-01  0.311853638760D-17  0.852931178828D-01 -0.664731040336D-01
 -0.157944721770D-16 -0.413607824465D-01 -0.202223055120D-01 -0.568113526953D-03
 -0.413607824465D-01 -0.202223055120D-01  0.568113526953D-03 -0.293879703093D-01
 -0.162020211805D-01  0.612242139457D-17 -0.767073998211D-01 -0.139949125570D-02
 -0.256667660108D-16 -0.124299010392D+00  0.921378877361D-01  0.154530759343D-16
 -0.262148213302D-01  0.154465145305D-01  0.281626340500D-16 -0.211392175533D-01
  0.202223055120D-01 -0.568113526946D-03  0.142073998210D-01  0.139949125559D-02
 -0.156778544248D-16 -0.147793117883D+00  0.664731040336D-01 -0.106464079961D-16
 -0.197425779768D-02  0.539684429221D-01  0.165535666567D-16 -0.211392175533D-01
  0.202223055120D-01  0.568113526946D-03 -0.362851786699D-01 -0.154465145304D-01
 -0.507921036430D-17 -0.331120296902D-01  0.162020211806D-01 -0.866782811357D-17
  0.561799010391D+00 -0.117734395423D-02 -0.874971772361D-02  0.125038409095D-17
 -0.105523893096D+00  0.485316373817D-01  0.783833465736D-17 -0.172219831021D-01
 -0.272930482694D-01  0.297765991814D-02 -0.172219831021D-01 -0.272930482694D-01
 -0.297765991814D-02 -0.413765716528D-01 -0.398803557084D-01  0.141110607591D-17
 -0.559682599720D-02 -0.137757657039D-01  0.445584110676D-16  0.921378877362D-01
 -0.530433566832D-01 -0.323046930108D-16 -0.550990424141D-01  0.899205441306D-02
 -0.476166524263D-16  0.172219831021D-01 -0.352069517306D-01  0.297765991813D-02
  0.559682599720D-02 -0.487242342963D-01  0.222278212238D-16  0.105523893096D+00
 -0.111031637381D+00  0.359074797986D-17  0.117734395422D-02 -0.537502822765D-01
 -0.112173980115D-16  0.172219831021D-01 -0.352069517306D-01 -0.297765991813D-02
  0.550990424142D-01 -0.714920544129D-01  0.692973781024D-17  0.413765716527D-01
 -0.226196442914D-01  0.634600592291D-17 -0.921378877362D-01  0.490543356682D+00
  0.462449256459D-17  0.884057059343D-17 -0.126097355071D-01  0.229791557730D-16
 -0.163734364941D-16 -0.200959326128D-01 -0.481760774432D-02  0.345108380542D-01
 -0.318305074127D-01  0.481760774432D-02 -0.345108380542D-01 -0.318305074127D-01
 -0.665932396754D-17 -0.116919110364D-16  0.294463158060D-01 -0.178390477835D-16
  0.128374951813D-16 -0.701669419688D-01 -0.819054682221D-17  0.355307819084D-17
  0.176516523908D-01  0.177820997183D-16  0.291273906156D-17 -0.728906762035D-01
 -0.481760774437D-02  0.345108380542D-01 -0.306694925875D-01  0.182084607974D-16
 -0.130997640189D-16  0.766694196880D-02 -0.229057978890D-16  0.164371700235D-16
 -0.424040673873D-01 -0.489994905056D-17 -0.831625943904D-17 -0.498902644931D-01
  0.481760774437D-02 -0.345108380542D-01 -0.306694925875D-01 -0.171799468097D-16
 -0.368181755126D-17  0.103906762034D-01  0.622053191973D-17  0.122623309373D-16
 -0.919463158063D-01  0.849656767045D-17 -0.529607812623D-17  0.419848347611D+00
$end
