$grad          cartesian gradients
  cycle =      1    SCF energy =     -458.4131532770   |dE/dxyz| =  0.000033
   -7.54043673650087      2.38639157761003     -4.72463771970836      c
  -10.26685069138472      1.79267682611141     -5.24607583153563      c
   -6.45115981188839      2.20119333945728     -6.46595673979110      h
   -6.78721892545778      1.01576588265836     -3.37982829411789      h
   -7.36661472230678      4.28865272010565     -3.97263849978702      h
  -10.61570771885796     -0.48277775732392     -6.19660478021150      o
  -11.98138183483044      3.30011414297861     -4.81600918817623      o
  -12.47236750818956     -0.79812526667101     -6.51280735968186      h
  -20.62070831055135      0.91139811882544     -8.47124089489940      h
  -16.78712964582616      2.40365689791538     -5.66538063464838      o
  -17.13583131125607      0.12835343384658     -6.61633011762185      c
  -19.86231569759077     -0.46615993621266     -7.13654223617025      c
  -20.94805504561030     -0.29338010835515     -5.39168641878218      h
  -14.93046686911719      2.71929471918538     -5.34949638588530      h
  -20.03472580321507     -2.36444625565987     -7.89894174213126      h
  -15.42115012114468     -1.37873804200311     -7.04702245826463      o
  0.20542736406566D-06  0.69945082742098D-05  0.47250633538956D-05
  -.20235059010748D-05  0.37614403222835D-05  0.11925056298803D-05
  -.19196854576103D-06  -.51542453269214D-05  0.62816874432936D-05
  -.18160499191573D-05  0.88849504530572D-05  -.65884969164959D-05
  -.19460752117640D-06  -.12630321877510D-04  -.65667416287857D-05
  0.66232937381838D-05  -.11397733431784D-05  -.12507222384855D-05
  -.11992382858983D-05  -.32457816698112D-05  0.23579781221229D-05
  -.27532064607663D-05  0.12608668871292D-05  -.24270651194595D-05
  0.96477906531833D-07  -.21893589435620D-05  0.45007865973473D-05
  -.45554558058478D-05  -.40981334750306D-05  0.32302547866361D-05
  -.34041979631999D-05  0.26098052818002D-05  0.29282791417732D-05
  -.68611114735634D-05  -.52818743019479D-05  0.25936487145681D-05
  0.63550372143145D-05  0.35423684621849D-05  -.13033730820892D-04
  0.39070515662418D-05  0.63866621558906D-05  0.21221168898817D-05
  0.15693854691721D-05  -.15832366108900D-05  0.24212866797310D-05
  0.42426556893932D-05  0.18821248799344D-05  -.24868533355926D-05
  cycle =      2    SCF energy =     -458.4131532790   |dE/dxyz| =  0.000023
   -7.54043738443802      2.38637856212011     -4.72464710993178      c
  -10.26684678313936      1.79266984437690     -5.24607817838993      c
   -6.45115966555240      2.20120504250019     -6.46596928836539      h
   -6.78721525312497      1.01574905282660     -3.37981524664282      h
   -7.36661490332704      4.28867889031255     -3.97262506759098      h
  -10.61572070670719     -0.48277487940758     -6.19660252348605      o
  -11.98137984240203      3.30012080725688     -4.81601364014047      o
  -12.47236169159381     -0.79812748943441     -6.51280275375029      h
  -20.62070854476139      0.91140155521452     -8.47124976600183      h
  -16.78712079373992      2.40366449587431     -5.66538685038782      o
  -17.13582436421678      0.12834767323348     -6.61633601226981      c
  -19.86230173823816     -0.46615034601609     -7.13654748340400      c
  -20.94806751569464     -0.29338858747294     -5.39166036780547      h
  -14.93047499354968      2.71928164699341     -5.34950038183240      h
  -20.03472837263610     -2.36444399719247     -7.89894688297216      h
  -15.42115820060661     -1.37874197871706     -7.04701774844161      o
  -.46699500279284D-05  -.50402318875972D-05  -.60004044424968D-05
  0.48704985973341D-05  -.25235369085943D-05  0.35040379893578D-06
  -.18570371198082D-06  -.40782549068268D-05  0.55589354379521D-05
  0.19073088775023D-07  0.49137404567190D-05  -.14965695525615D-05
  0.12795551305430D-05  0.19846052274203D-05  -.79119853135801D-06
  -.32163317523204D-07  0.15341833044802D-05  -.10397904700934D-05
  -.62976276227200D-05  0.75805059682188D-06  0.27526964284826D-05
  0.23590965685383D-05  0.13445760892426D-05  -.18061421013845D-05
  -.64127971077452D-06  -.21156713826478D-05  0.30893102038881D-05
  0.18651667539962D-05  0.12452686110331D-05  0.55806077911627D-05
  0.17200225021843D-05  -.64862925796601D-05  -.58960384421904D-06
  0.49028049432555D-05  -.19026460155838D-05  -.57118652866243D-05
  -.10271650930996D-05  0.34341215588854D-05  -.18785003801855D-05
  -.21256224498264D-05  0.40371694579704D-05  0.10405278668760D-05
  0.58475525998788D-06  -.40521015986020D-05  0.16118550217187D-05
  -.26214630401283D-05  0.69470222907875D-05  -.67027211798562D-06
$end
