$hessapprox
  0.476625633164D+00  0.366452087510D-01  0.477461213587D+00  0.327888668013D-01
  0.511004618118D-01  0.470236715817D+00 -0.494471341039D-01 -0.290024192997D-01
 -0.271237301116D-01  0.488847769578D+00  0.194414762165D-01 -0.284719831076D-01
  0.266058108392D-01 -0.148735110491D-01  0.469217272563D+00  0.629193438439D-02
  0.291974038362D-02 -0.541575992013D-01  0.793734057992D-03  0.155022253058D-02
  0.454607773364D+00 -0.323867060700D-01  0.830607469969D-02 -0.330549282640D-02
 -0.320555856627D-01  0.458788891574D-02 -0.180655746109D-02  0.465754454711D+00
  0.901594674944D-02 -0.659825051942D-01  0.539775508275D-02  0.495257724469D-02
 -0.505465019228D-01  0.133175493900D-02  0.149454536245D-01  0.367192366754D+00
  0.101847807661D-01 -0.123525708522D-01 -0.921799071968D-01  0.860294437656D-02
 -0.665053025313D-02 -0.627548734886D-01 -0.519469971346D-02  0.223415469023D-01
  0.390009674679D+00 -0.387171470943D-01 -0.503715263749D-02  0.112641135866D-01
 -0.286038344025D-01 -0.248921393998D-02  0.949846984972D-02 -0.282465623064D-01
 -0.125457894213D-01  0.265752437269D-01  0.459246179934D+00  0.182678643072D-01
 -0.823489038192D-01  0.813631608290D-02  0.236696777392D-03 -0.601755719894D-01
  0.783260626981D-03  0.582177801241D-02 -0.420625447102D-01 -0.221107952903D-01
  0.923452577589D-02  0.372966127336D+00 -0.215172645713D-02 -0.900370234527D-02
 -0.891249925175D-01  0.159168960521D-01 -0.454344647261D-02 -0.548659363771D-01
 -0.870169711339D-02  0.879556600204D-02 -0.730407490454D-01  0.247990406291D-01
  0.244489803692D-02  0.391342301098D+00 -0.422010705072D-01  0.125112962613D-01
  0.523734266261D-02 -0.306200407536D-01  0.725903914919D-02  0.668539556856D-02
 -0.350519903768D-01  0.295491631584D-01  0.137847221048D-01 -0.344345976166D-01
  0.186272765428D-01  0.157752552102D-01  0.453783752624D+00 -0.234673431866D-01
 -0.120704072646D+00 -0.429854767348D-01  0.424411268945D-01 -0.790470487990D-01
  0.405517135923D-02  0.564273054269D-02 -0.941990464594D-01  0.349467355342D-01
  0.530027253056D-02 -0.672578950825D-01 -0.120673682735D-01  0.315483602182D-01
  0.441217594881D+00 -0.441490298474D-02 -0.773255148808D-02 -0.967311914376D-01
  0.182305858002D-01 -0.329536313401D-02 -0.584758906797D-01  0.156254909174D-02
 -0.473247828417D-01 -0.634931143765D-01  0.848150362695D-02  0.456858411895D-01
 -0.626026939539D-01  0.210721339313D-01  0.205439788197D-01  0.375674660302D+00
 -0.139539345760D-01  0.972682136031D-02  0.185844975788D-01 -0.461173818834D-01
  0.449199066211D-02 -0.192238784964D-02 -0.286233263603D-01 -0.353884947064D-03
 -0.180677797114D-01 -0.318599588592D-01 -0.210414675281D-01  0.433770369516D-02
 -0.302944927081D-01 -0.156361789467D-01 -0.357209811905D-02  0.467790586410D+00
 -0.158785743012D-02 -0.621444827137D-01 -0.116880847157D-01  0.105129431859D-01
 -0.479154013085D-01 -0.984484734777D-03  0.649791235210D-02 -0.709584379842D-01
  0.566739379669D-02 -0.260539834680D-02 -0.437986937148D-01  0.128634041832D-01
  0.141681921673D-01 -0.354801969146D-01 -0.112967237646D-01 -0.105949475149D-01
  0.455206248488D+00  0.363041117038D-02  0.459520318228D-03 -0.465326003381D-01
  0.155468655884D-02 -0.201667438617D-04 -0.394456349295D-01 -0.809645094444D-02
  0.318316108860D-01 -0.563245159035D-01  0.172858063988D-01 -0.210734284501D-01
 -0.829122488337D-01  0.290654666525D-02 -0.217516625175D-01 -0.162842116830D-01
  0.594757167556D-02  0.149935116026D-01  0.418450230731D+00 -0.238699643737D-01
  0.479274154583D-01  0.363280892589D-01 -0.521761526130D-01  0.255783565907D-01
  0.684855611355D-02 -0.342575349355D-01  0.153295291294D-01  0.127658341179D-01
 -0.389443674539D-01  0.286189326476D-01 -0.990475779842D-02 -0.456243696153D-01
 -0.283296127735D-01 -0.684611862457D-02 -0.746812672447D-02  0.156104459951D-02
 -0.844920667376D-03  0.473638997908D+00 -0.650470646718D-02 -0.572658370833D-01
 -0.108695968258D-01  0.117385707013D-01 -0.452399885298D-01  0.195059811003D-02
 -0.162041909141D-03 -0.381129452752D-01  0.806689494244D-02  0.425915445456D-02
 -0.495589309295D-01 -0.946897238556D-02  0.754986688128D-02 -0.421391716678D-01
  0.179677188385D-01 -0.392912237731D-02 -0.279245719716D-01 -0.169237566225D-01
 -0.862708611881D-02  0.461646279368D+00  0.101013035268D-02 -0.552915280795D-02
 -0.554585336660D-01  0.499173982350D-02 -0.261392654802D-02 -0.428204134762D-01
  0.476004571008D-02 -0.260423599157D-01 -0.496423147504D-01 -0.166296540099D-02
  0.173782927983D-01 -0.131106547708D-01  0.726020392019D-02  0.344728770450D-01
 -0.756390469958D-01 -0.122402551010D-01 -0.124182387251D-01  0.230675468115D-02
  0.529549048843D-02  0.201702556584D-01  0.425032133043D+00 -0.396148136217D-01
 -0.323613338739D-01 -0.242458873030D-01 -0.147599053394D-01 -0.171489934793D-01
 -0.273162837926D-02 -0.288028677771D-01 -0.217556412277D-01  0.290924637950D-02
 -0.284293600551D-01 -0.901541417644D-02  0.200122563579D-02 -0.198212749478D-01
  0.826591866146D-02 -0.185897949411D-02 -0.421539518319D-01 -0.235739543801D-02
  0.625918947636D-03 -0.400351195514D-01  0.360473779284D-02 -0.293922551154D-03
  0.473618527751D+00  0.145535947621D-02 -0.422742091381D-01 -0.444792235875D-02
  0.252803879569D-02 -0.372099421616D-01 -0.172317593797D-02  0.404020641595D-02
 -0.508363760515D-01 -0.173290189840D-02 -0.259192941875D-02 -0.348027693834D-01
  0.135521319986D-01  0.571944385458D-02 -0.254701536909D-01 -0.114410075364D-01
 -0.708354080635D-02 -0.402959536514D-01  0.158890991414D-01  0.462823779270D-02
 -0.254706017999D-01 -0.159324636031D-01 -0.188022247277D-02  0.460683530564D+00
  0.422165951486D-03  0.991278440526D-03 -0.330626467182D-01  0.502947221762D-03
  0.290403186470D-03 -0.317121239831D-01 -0.674526833270D-02  0.273844955475D-01
 -0.375108184323D-01  0.110447625753D-01 -0.175219535144D-01 -0.703053556184D-01
 -0.478217893182D-03 -0.264245642311D-01 -0.607529450537D-02  0.852505676274D-02
  0.141131339911D-01 -0.748368957710D-01 -0.446787203804D-02 -0.178577709265D-01
  0.656826706941D-02  0.102804392181D-02  0.161016396872D-01  0.427340834955D+00
 -0.261523367287D-01  0.391553335212D-02 -0.131368295614D-01 -0.318053060151D-01
  0.197982550600D-02 -0.896307958160D-02 -0.343171002799D-01  0.847825961288D-02
 -0.218208009631D-01 -0.222722194023D-01 -0.451090325597D-02 -0.272778126505D-01
 -0.272581731777D-01 -0.799966745440D-02 -0.107324742930D-01 -0.289373833507D-01
  0.290692333055D-02 -0.180648761945D-01 -0.271183643825D-01 -0.479910310278D-02
  0.370307887846D-02 -0.336625403524D-01  0.355056333891D-02 -0.125724599938D-01
  0.459497058164D+00 -0.100322739918D-01  0.221950595892D-01 -0.251790444994D-02
 -0.717431368635D-02 -0.139108789947D-02 -0.285790315922D-02 -0.561383179628D-02
 -0.402082981577D-02  0.376536589493D-02 -0.692486237633D-02  0.455170165300D-01
  0.835045274487D-02 -0.217100839295D-01  0.180898330852D-01 -0.354091350753D-01
  0.132607376274D-01 -0.192230273595D-01  0.241217186998D-01 -0.158149987872D-01
 -0.101127886612D-01 -0.250175283971D-01  0.846113369406D-02 -0.313138816220D-01
  0.234830208148D-01  0.552317784478D-02  0.397342596768D+00 -0.628327925612D-02
 -0.612489722498D-02  0.120260851487D-01 -0.548877548870D-02 -0.326452802521D-02
 -0.798388719575D-02  0.863908930005D-02 -0.125785839220D-01  0.154258890128D-01
 -0.233307073918D-01 -0.122261625671D-02  0.489389979414D-01 -0.130769206558D-01
  0.255020317492D-01  0.384612558204D-02 -0.988824867914D-02 -0.947272425614D-02
  0.197387320050D-01 -0.227905732096D-03  0.134093252795D-01 -0.465365372525D-01
  0.432178774587D-02 -0.123188869200D-01  0.670740630073D-02  0.260905382573D-01
 -0.999173010713D-02  0.390327420639D+00 -0.483023381961D-01 -0.146686003666D-01
 -0.219198746328D-01 -0.152733666714D-01 -0.716234634786D-02  0.877366729261D-03
 -0.338060709823D-01  0.590789101186D-02  0.120557998066D-01 -0.290666892419D-01
  0.133281960309D-01  0.141114283885D-02 -0.324602270650D-01  0.266684401700D-01
  0.942465506776D-02 -0.358342349801D-01  0.116846207077D-01 -0.487493515301D-02
 -0.534807840906D-01  0.670715528940D-02  0.100302027383D-01 -0.181080695816D-01
  0.599377204965D-02 -0.635806788671D-02 -0.335926424035D-01 -0.116027019236D-01
  0.574571915343D-02  0.476897331890D+00 -0.166677491356D-01 -0.312243188968D-01
 -0.186335241844D-01  0.115763231203D-01 -0.304761610167D-01  0.584924666371D-03
 -0.671277574658D-02 -0.140478306147D-02  0.688943890801D-02  0.531449511609D-02
 -0.135205994730D-01 -0.919631218491D-02 -0.826674504675D-02 -0.212103127882D-02
  0.175166842733D-01  0.632820043208D-03 -0.106652287261D-01 -0.171727923421D-01
 -0.239695196006D-01 -0.271944020691D-01  0.196349904477D-01  0.152109598415D-01
 -0.190378356091D-01 -0.175673280257D-01 -0.555987911344D-02 -0.472048359144D-01
  0.150370692610D-01  0.244562173771D-02  0.459537419339D+00 -0.100180860730D-01
 -0.214804846420D-01 -0.337054327331D-01  0.885307083585D-02 -0.110427269678D-01
 -0.251943067688D-01  0.815405391478D-02 -0.249524701240D-01 -0.129222274307D-01
 -0.132729429809D-01  0.830138942194D-02  0.327741576841D-01 -0.117608589697D-02
  0.521462894018D-01 -0.327160244564D-01 -0.202664511045D-01 -0.102784264779D-01
  0.202932717591D-01 -0.460518547195D-02  0.249975278247D-01 -0.663226843328D-01
  0.846715437745D-02 -0.167851934304D-01  0.151870745936D-01  0.170178092657D-01
 -0.224330160956D-01 -0.880706630592D-01  0.169793719378D-01  0.273222128554D-01
  0.417317485825D+00 -0.407864856138D-01 -0.246749830167D-01 -0.236765991933D-01
 -0.160114391098D-01 -0.129202384920D-01 -0.273019586114D-02 -0.306878630329D-01
 -0.130560888217D-01  0.306978224107D-02 -0.277374815242D-01 -0.205823682446D-02
 -0.301771464729D-02 -0.231379705544D-01  0.976704250254D-02 -0.124850020008D-02
 -0.387035958875D-01  0.168927688833D-02 -0.356298704331D-02 -0.427827706143D-01
  0.310967278288D-02  0.331283725206D-02 -0.251605015153D-01  0.962577842734D-03
 -0.308305822007D-02 -0.348129236831D-01  0.325294660204D-02  0.880414094688D-02
 -0.210108018129D-01  0.978398611630D-02  0.131847732679D-01  0.474662655084D+00
  0.161406802840D-01  0.364316618787D-01  0.396657997588D-01 -0.308774733332D-01
  0.479923583160D-02  0.123856462763D-02 -0.429583873069D-02 -0.316832584759D-02
 -0.660438652221D-02 -0.588767735855D-02  0.229269057372D-02 -0.137292186775D-01
 -0.184209404106D-01 -0.537925718606D-01 -0.202749717366D-01  0.258275514416D-01
 -0.305923854264D-01  0.229378977758D-02  0.156951016558D-01 -0.371562656217D-01
 -0.742858875989D-02 -0.125346978196D-01 -0.294613671813D-01  0.240046100859D-02
  0.332149927731D-02 -0.565678992606D-01  0.221744240281D-03 -0.275835120870D-01
 -0.603840974961D-01 -0.163304392673D-01 -0.150877430701D-01  0.492302145819D+00
  0.344238277572D-02  0.998199581444D-02  0.534007502307D-02 -0.116389783593D-01
  0.500789946754D-02 -0.175931034894D-01  0.196940234989D-02  0.751360959371D-02
 -0.103208363869D-01 -0.987848043307D-02 -0.861533117729D-02 -0.572281925464D-02
 -0.994725231209D-02 -0.977294424738D-02 -0.341259586235D-02  0.345990865033D-02
 -0.199105042361D-02 -0.211798078842D-01  0.593392654091D-02 -0.396781530444D-02
 -0.249495535675D-01 -0.252272750860D-02 -0.668533825177D-03 -0.275185469443D-01
  0.103392865142D-01  0.600903888431D-02 -0.602004139377D-01 -0.591664010332D-02
 -0.449434754147D-02 -0.484460836278D-01 -0.143463622215D-02  0.125260498295D-01
  0.456861399888D+00 -0.544829274715D-01 -0.565862757720D-01 -0.540882997642D-01
  0.394923063747D-02 -0.295652332683D-01 -0.544642410428D-02 -0.303725545171D-01
 -0.234066644420D-01  0.695353284042D-02 -0.233117543320D-01 -0.531052138127D-02
 -0.130118000191D-02 -0.151368378668D-01  0.316154836447D-01  0.297381000693D-02
 -0.505348756243D-01  0.618354531091D-02 -0.665160827528D-02 -0.588915161882D-01
  0.947129331127D-02  0.745096841980D-02 -0.147836904793D-01  0.239214072162D-02
 -0.572752786049D-02 -0.385098218185D-01  0.492689485484D-02  0.155551101577D-01
 -0.653537451539D-02  0.225931219267D-01  0.278137040462D-01 -0.153701711495D-01
 -0.376918375167D-01 -0.603419468747D-02  0.509645871026D+00 -0.163370424116D-01
  0.540914202877D-02 -0.967746871414D-02  0.153856885823D-02 -0.104105882211D-01
 -0.317506169884D-03 -0.820836469557D-02  0.329522774112D-02  0.104082498109D-01
 -0.128754084716D-02  0.298347538751D-01 -0.702338344481D-02 -0.187144278996D-01
  0.711160732112D-02 -0.114200027929D-01  0.130454846000D-01 -0.106228792933D-01
 -0.186931163328D-03 -0.255783949367D-01 -0.193658898340D-01  0.184948836070D-02
  0.131018531645D-01 -0.215903000767D-01 -0.151621117018D-02 -0.832816429713D-03
 -0.836402106154D-01  0.832125874960D-02 -0.877667741081D-02 -0.505806670527D-01
  0.882360189043D-02  0.586028459989D-02 -0.628588266836D-01  0.247476008365D-02
  0.126023072885D-01  0.421816154638D+00  0.113225292070D-01  0.378017500402D-01
  0.505085024662D-01 -0.300019315293D-01  0.194998031217D-01 -0.457851333219D-02
  0.364280419679D-02  0.394818737117D-02  0.149394974057D-01 -0.221083281948D-01
 -0.213435200713D-03  0.226945462832D-02 -0.190270402442D-01 -0.475244670449D-01
  0.331875163098D-02  0.206532394038D-01 -0.848786749252D-02 -0.134826040351D-01
  0.144728293679D-01 -0.146425272478D-01 -0.188483781967D-01 -0.132493896232D-01
 -0.407272444234D-03 -0.267468636296D-01  0.197202359007D-01  0.770033944934D-02
 -0.770972768403D-01 -0.222467244189D-01 -0.174748026043D-01 -0.618106396812D-01
 -0.118977129246D-01  0.348432596951D-01 -0.453669277825D-01 -0.309777532671D-01
 -0.491618504151D-02  0.454921864953D+00 -0.135087867557D-01  0.159087936367D-01
  0.282637217806D-01 -0.495254955480D-01  0.778645961151D-02  0.144613816916D-02
 -0.279807599256D-01 -0.233888404551D-02 -0.102718634763D-01 -0.356153838838D-01
 -0.159458975073D-01  0.951662679730D-02 -0.328919133679D-01 -0.203587115013D-01
 -0.308528123333D-02 -0.288310870043D-01 -0.121361423726D-01  0.108929826897D-01
 -0.696639766856D-02 -0.452515679515D-02 -0.128579005285D-01 -0.437158112277D-01
 -0.769595637659D-02  0.114446052634D-01 -0.257887068242D-01  0.103634577539D-01
 -0.166303689922D-01 -0.388778817160D-01 -0.128615876815D-02 -0.258736796838D-01
 -0.401855780859D-01  0.287219093654D-01  0.212682993387D-02 -0.542146051903D-01
  0.101195099082D-01  0.185646344693D-01  0.473867530303D+00 -0.110653858117D-01
  0.272088153000D-02 -0.688893085924D-02 -0.318247668657D-02 -0.122825281239D-01
 -0.834075648314D-03 -0.150096028280D-01  0.664513186629D-01 -0.179428538218D-01
  0.120424435825D-01 -0.160109417448D-01 -0.113904925699D-01 -0.287884959003D-01
  0.286340840280D-01  0.450526768386D-01  0.213864855722D-02  0.865844639170D-02
 -0.326749490457D-01 -0.184890783979D-01 -0.250606387947D-01  0.279990371751D-01
  0.219683421361D-01 -0.107509764972D-01 -0.289211994209D-01 -0.875875596746D-02
 -0.596746916829D-01  0.153275040834D-01 -0.623847591518D-02 -0.614819371130D-01
  0.285003763931D-01  0.128404731433D-01 -0.614273259177D-01 -0.694696097113D-02
  0.236647270033D-01 -0.678151801186D-01 -0.588416368828D-02  0.359121009242D-02
  0.374140941317D+00 -0.339450757239D-01 -0.280321055599D-01 -0.990738120374D-02
  0.201997589724D-01 -0.141467147947D-01 -0.290733086038D-03  0.487390006650D-02
 -0.347656262557D-01  0.635917347714D-01 -0.229212717682D-01  0.284142360951D-01
  0.153141608041D-01 -0.612565324695D-02 -0.227149862092D-02  0.954489339259D-02
  0.493356186982D-02  0.364199400707D-02 -0.925871677405D-02 -0.419130262691D-01
  0.152853920566D-02 -0.327480221466D-02  0.139257389405D-01  0.592381189353D-02
 -0.296832556874D-01  0.182919481495D-01 -0.864234996969D-02 -0.706233833106D-01
  0.643943585787D-02  0.791845263972D-02 -0.272127736667D-01  0.119624912040D-01
 -0.305217343928D-01 -0.607165488089D-01  0.306976362402D-01 -0.855445630935D-02
 -0.111309602532D+00 -0.733752346868D-02  0.301722469934D-01  0.389390033019D+00
 -0.208733616918D-01  0.342213505302D-01  0.265026474941D-01 -0.497689226813D-01
  0.180702385525D-01  0.246975118573D-02 -0.336556861057D-01  0.244152837462D-01
 -0.598652757334D-02 -0.339016200875D-01  0.624033216519D-02 -0.739870988557D-03
 -0.433806005540D-01 -0.772654936000D-02  0.288474297447D-02 -0.208857985715D-01
  0.192645066073D-02 -0.905198429350D-04 -0.196350073778D-01 -0.358798058482D-02
 -0.110973488941D-02 -0.368384859844D-01  0.123102866164D-02 -0.394918226987D-04
 -0.285669603973D-01 -0.756715754306D-02 -0.610116457075D-02 -0.448671227266D-01
 -0.155350098483D-01 -0.112225005826D-01 -0.377555789536D-01  0.150540518415D-01
  0.250599112916D-02 -0.492093244441D-01 -0.120112929526D-01  0.155553816234D-01
 -0.188585895512D-01 -0.241883810672D-01 -0.118657363899D-01  0.474845766763D+00
  0.276580790978D-02 -0.303406503801D-01 -0.578604190134D-03 -0.311310879300D-02
 -0.309041708293D-01 -0.156294322707D-02 -0.376470471282D-02  0.804817175795D-02
 -0.199793963749D-01  0.713758465367D-02 -0.535092885811D-01  0.431118820226D-02
 -0.764775101664D-02 -0.617354095256D-02  0.291062388474D-01 -0.890374274752D-02
 -0.200353425174D-01 -0.119863246706D-01  0.459028318542D-02 -0.294599142057D-01
  0.742844865059D-02  0.666603217497D-02 -0.273036313539D-01 -0.843828257921D-02
 -0.313515282480D-02 -0.251160238590D-01 -0.210775674761D-02  0.282875148541D-02
 -0.356699440868D-01  0.295064537433D-02  0.585135859191D-02 -0.333313543358D-01
 -0.602981374404D-02  0.968264758500D-02 -0.273958819733D-01  0.151264193475D-03
 -0.656517656879D-02 -0.667411480752D-01  0.285186689475D-01 -0.914423626108D-02
  0.443968110515D+00  0.718848300445D-03  0.263464104793D-02 -0.263608497072D-01
 -0.232796023269D-02  0.161638720484D-02 -0.304320539284D-01  0.673893684405D-02
 -0.284941121409D-01 -0.239243559013D-01 -0.117261462443D-01  0.196273395683D-01
  0.574801879900D-02  0.165984134029D-03  0.212778891432D-01 -0.587063077742D-01
 -0.610671152777D-02 -0.149322892015D-01  0.121550895441D-01  0.547311932881D-02
  0.164914139848D-01 -0.688631536227D-01 -0.259503417249D-02 -0.159727368738D-01
  0.971607843576D-02  0.127616150081D-01 -0.237553954328D-01 -0.682745183040D-01
  0.428846127043D-02  0.158385712233D-01 -0.777962434630D-01  0.143578445373D-02
  0.542640229531D-04 -0.337695267094D-01  0.208876317147D-02  0.765713402047D-04
 -0.335139204446D-01 -0.890197844485D-02  0.295830335350D-01 -0.371875764988D-01
  0.197810140586D-02  0.991242668748D-02  0.428286639472D+00 -0.216637267023D-01
 -0.195490993241D-01 -0.108913804907D-01 -0.289726135828D-01 -0.109933003036D-01
 -0.767999969854D-02 -0.274227106779D-01 -0.254182562267D-01 -0.181003274840D-01
 -0.263972285206D-01 -0.250082066879D-01 -0.104736787371D-01 -0.159924084495D-01
 -0.196087518565D-01 -0.153719571483D-01 -0.379725164101D-01 -0.125596958513D-01
 -0.222818407565D-02 -0.174530480012D-01 -0.446004570280D-02 -0.856208005200D-02
 -0.395741008749D-01 -0.638540198922D-02  0.203641597222D-02 -0.355386146340D-01
  0.228386571094D-01  0.100006902025D-01 -0.256637316104D-01  0.119501061819D-01
 -0.169931057223D-03 -0.359018036025D-01  0.143772405967D-01  0.724271410606D-02
 -0.400601874306D-01  0.225842158947D-01  0.154216851678D-01 -0.353686681279D-01
  0.259287584623D-01  0.172850376152D-01 -0.231882994154D-01  0.283675300825D-02
 -0.163702355927D-02  0.452429653949D+00 -0.323192371261D-02  0.306246916391D-01
  0.108650542363D-01 -0.147334841147D-01  0.276470523910D-02 -0.121745680913D-02
 -0.615395273722D-02 -0.660827614836D-03  0.258392541180D-02 -0.665105984960D-02
  0.375232332815D-01 -0.149226475805D-02 -0.223187761066D-01 -0.449524125760D-02
 -0.311065686181D-01  0.196651137413D-01 -0.206695290905D-01  0.153065839921D-01
 -0.853571836607D-02 -0.189289836869D-01 -0.171586327222D-01  0.261549943048D-02
 -0.290299552408D-01  0.145821822500D-01  0.436841640647D-02 -0.917171453838D-01
 -0.411245331785D-02 -0.182874501584D-01 -0.542722909860D-01 -0.173467429336D-01
 -0.262552501669D-02 -0.433636127595D-01  0.865057357248D-02 -0.859482222256D-02
 -0.817863475913D-01  0.159462913682D-01  0.183717402615D-01 -0.638081469616D-01
 -0.186196944020D-01 -0.897426193994D-03 -0.266942253545D-01 -0.141946493134D-01
  0.224501334082D-01  0.419746769738D+00 -0.675393075079D-02 -0.863028603221D-02
  0.174177636760D-01 -0.537310844599D-02 -0.506831575441D-02 -0.378605098098D-02
 -0.171839546536D-02  0.386885854670D-01  0.114177164007D-01 -0.759000470226D-02
 -0.388758855076D-01 -0.359769508587D-03 -0.173697700862D-01 -0.106298323855D-01
  0.627643753676D-01  0.142378350725D-03  0.150264998534D-01 -0.479884092371D-01
 -0.744877328703D-02 -0.147809619415D-01  0.184890645049D-01  0.858426580299D-02
  0.138492867010D-01 -0.594820381939D-01  0.914852358559D-02  0.322084892800D-01
 -0.610490125254D-01 -0.253829088267D-02 -0.120565852272D-01 -0.179664379063D-01
  0.688462549680D-02  0.385089917113D-02 -0.618470211990D-01  0.118965100102D-01
  0.101893274715D-01 -0.807734734917D-01 -0.259955618850D-02 -0.372139536707D-01
 -0.703861007287D-01 -0.958954443937D-02 -0.221093087333D-01 -0.244365639458D-02
  0.155293547415D-01  0.228952090772D-01  0.377735219825D+00 -0.106648996569D-01
  0.127173702409D-01  0.194188147204D-01 -0.476598218484D-01  0.595756167601D-02
 -0.363107312281D-02 -0.280871357009D-01 -0.137188951456D-01 -0.174598874382D-01
 -0.317079751535D-01 -0.174849548980D-01 -0.101894524642D-01 -0.254777850630D-01
 -0.381225600855D-01 -0.174996684023D-01 -0.256199216377D-01 -0.152894722494D-01
  0.157055809031D-02 -0.493547431729D-02 -0.984520815550D-02 -0.110878390604D-01
 -0.481580346106D-01 -0.686431788601D-02  0.446796637907D-02 -0.311639647143D-01
  0.178132185477D-01  0.187029500298D-02 -0.400179962957D-01 -0.150959682436D-02
 -0.138650747946D-01 -0.446176899439D-01  0.332416858644D-01  0.103524676259D-01
 -0.621814606359D-01  0.128943332699D-01  0.301555408655D-01 -0.215378654263D-01
  0.135460495971D-01 -0.450122204917D-02 -0.134604082210D-01 -0.853456697546D-04
 -0.235475973554D-02 -0.412599959086D-01  0.245592352305D-01  0.879571626036D-02
  0.476550429134D+00 -0.148380615468D-01 -0.540856872736D-01 -0.334836847789D-01
  0.174319413847D-01 -0.427102397243D-01 -0.491669155707D-02  0.790685931819D-04
 -0.230339609786D-01 -0.729611618827D-02  0.273214808270D-02 -0.250876821680D-01
  0.275975199443D-01 -0.106541792292D-02  0.358268512950D-01  0.342796818065D-02
 -0.212462831650D-01 -0.235385642078D-01  0.168941771380D-01 -0.145844920786D-01
 -0.865534923723D-02 -0.167924986565D-01  0.171592215919D-01 -0.358355771064D-01
  0.189006949417D-01  0.155207947954D-02 -0.531620838979D-01 -0.166247565854D-01
  0.187553157268D-01 -0.142992865591D-01 -0.123925432232D-01  0.173051961718D-01
 -0.637217017123D-01 -0.967713001111D-02  0.380231929558D-01 -0.314001141437D-01
 -0.203401744750D-01 -0.240109966942D-01 -0.355521569004D-01  0.394362305230D-01
 -0.205007023469D-01 -0.393411657684D-01 -0.197633547956D-01  0.101689328056D-02
 -0.552330939707D-01  0.126568322311D-01 -0.178091035124D-01  0.469829812353D+00
 -0.624504846378D-02 -0.700363690415D-02 -0.183080074113D-01  0.230812046824D-02
 -0.392480765656D-02 -0.205166524465D-01 -0.477221961703D-02  0.269248234086D-01
 -0.132707993568D-01  0.354190672294D-02 -0.211381284228D-01 -0.443418710747D-01
 -0.568664386152D-02 -0.195171589967D-01  0.189875654495D-01  0.548001410552D-02
  0.152439523577D-01 -0.646984333315D-01 -0.108592853278D-01 -0.160708725899D-01
  0.130698535476D-01  0.563418728024D-02  0.161141254065D-01 -0.685858218708D-01
 -0.450470232129D-02  0.249865369186D-01 -0.171749642042D-01 -0.339762232278D-02
 -0.141466521648D-01  0.659152726409D-02  0.199696944956D-02 -0.220549277528D-02
 -0.411576894561D-01  0.479695306786D-02  0.146888709911D-02 -0.524298711187D-01
  0.530261291280D-02 -0.279372953227D-01 -0.479899474757D-01 -0.515152471323D-02
 -0.958645063626D-02  0.536633649728D-02  0.759866449745D-02  0.144186429663D-01
 -0.817421696075D-01  0.395761812280D-02  0.223735273123D-01  0.426200944595D+00
$end
