$dipgrad
 -0.345374770048200      -9.001136472900000E-002  0.000000000000000E+000
  7.031486156299999E-003  8.812170350259999E-002  0.000000000000000E+000
  0.000000000000000E+000  0.000000000000000E+000  7.106951619059999E-002
   1.57575546378090      -2.049444330140000E-002  0.000000000000000E+000
 -5.929319168690000E-002   1.59872250104970       0.000000000000000E+000
  0.000000000000000E+000  0.000000000000000E+000  0.211760772710800     
  2.790700477160000E-002 -3.066720654400000E-003  2.774512133970000E-002
 -7.383266522700000E-003  4.794611244070000E-002 -6.105364975609999E-002
  6.416610032820000E-002 -4.938463143300000E-002 -1.002354738660000E-002
  2.790700477160000E-002 -3.066720654400000E-003 -2.774512133970000E-002
 -7.383266522700000E-003  4.794611244070000E-002  6.105364975609999E-002
 -6.416610032820000E-002  4.938463143300000E-002 -1.002354738660000E-002
  4.297481444420000E-002  1.691443959340000E-002  0.000000000000000E+000
 -4.383265539770000E-002 -6.652647103140000E-002  0.000000000000000E+000
  0.000000000000000E+000  0.000000000000000E+000  8.057996189530001E-002
  -1.10499196135760      -0.419809013099700       0.000000000000000E+000
 -0.284842283707900       -1.17781174422460       0.000000000000000E+000
  0.000000000000000E+000  0.000000000000000E+000 -0.293739143085700     
  -1.51720403913260       0.229463509386200       0.000000000000000E+000
  0.134573209513300      -0.839598420734000       0.000000000000000E+000
  0.000000000000000E+000  0.000000000000000E+000 -0.312613020780700     
   1.29471341374160       0.291290141152200       0.000000000000000E+000
  0.263143422080400       0.296971340983600       0.000000000000000E+000
  0.000000000000000E+000  0.000000000000000E+000  0.262608828890300     
  2.790700477160000E-002 -3.066720654399998E-003 -2.774512133969999E-002
 -7.383266522699997E-003  4.794611244070000E-002  6.105364975609999E-002
 -6.416610032820000E-002  4.938463143300000E-002 -1.002354738660000E-002
  -1.10499196135760      -0.419809013099700       0.000000000000000E+000
 -0.284842283707900       -1.17781174422460       0.000000000000000E+000
  0.000000000000000E+000  0.000000000000000E+000 -0.293739143085700     
   1.57575546378090      -2.049444330140000E-002  0.000000000000000E+000
 -5.929319168690000E-002   1.59872250104970       0.000000000000000E+000
  0.000000000000000E+000  0.000000000000000E+000  0.211760772710800     
 -0.345374770048200      -9.001136472899994E-002  0.000000000000000E+000
  7.031486156300052E-003  8.812170350260000E-002  0.000000000000000E+000
  0.000000000000000E+000  0.000000000000000E+000  7.106951619059999E-002
  2.790700477160000E-002 -3.066720654399998E-003  2.774512133969999E-002
 -7.383266522699997E-003  4.794611244070000E-002 -6.105364975609999E-002
  6.416610032820000E-002 -4.938463143300000E-002 -1.002354738660000E-002
   1.29471341374160       0.291290141152200       0.000000000000000E+000
  0.263143422080400       0.296971340983600       0.000000000000000E+000
  0.000000000000000E+000  0.000000000000000E+000  0.262608828890300     
  4.297481444419999E-002  1.691443959339999E-002  0.000000000000000E+000
 -4.383265539770002E-002 -6.652647103140000E-002  0.000000000000000E+000
  0.000000000000000E+000  0.000000000000000E+000  8.057996189530001E-002
  -1.51720403913260       0.229463509386200       0.000000000000000E+000
  0.134573209513300      -0.839598420734000       0.000000000000000E+000
  0.000000000000000E+000  0.000000000000000E+000 -0.312613020780700     
$end
