$hessian
 1  1   0.4764728559  -0.0178216141   0.0000000000  -0.1849190592  -0.0391346585
 1  2   0.0000000000  -0.0967462526   0.0426077093   0.0983123767  -0.0967462526
 1  3   0.0426077093  -0.0983123767  -0.0505702740  -0.0244850430   0.0000000000
 1  4  -0.0107229592  -0.0131669800   0.0000000000  -0.0409562030   0.0083403197
 1  5   0.0000000000   0.0025959294   0.0009501260   0.0000000000  -0.0000085203
 1  6  -0.0000081178  -0.0000022460  -0.0021997383  -0.0011893753   0.0000000000
 1  7   0.0001719023   0.0012108631   0.0000000000  -0.0000699270  -0.0001190845
 1  8   0.0000000000  -0.0000085203  -0.0000081178   0.0000022460   0.0037032079
 1  9   0.0007353839   0.0000000000  -0.0000646022  -0.0000519853   0.0000000000
 1 10  -0.0000160305  -0.0004543547   0.0000000000
 2  1  -0.0178216141   0.6089815511   0.0000000000  -0.0392681593  -0.0899739527
 2  2   0.0000000000   0.0428068874  -0.0864752021  -0.0837070661   0.0428068874
 2  3  -0.0864752021   0.0837070661  -0.0165950597  -0.3239478827   0.0000000000
 2  4  -0.0464206884  -0.0225877582   0.0000000000   0.0348549719   0.0055517807
 2  5   0.0000000000   0.0039964405  -0.0045100245   0.0000000000  -0.0000785131
 2  6   0.0000005377  -0.0000039533   0.0031080665   0.0023915894   0.0000000000
 2  7   0.0005684746  -0.0033625582   0.0000000000  -0.0001190845   0.0003953249
 2  8   0.0000000000  -0.0000785131   0.0000005377   0.0000039533  -0.0043147976
 2  9  -0.0013336978   0.0000000000   0.0001014399   0.0000593030   0.0000000000
 2 10  -0.0035224466   0.0011559785   0.0000000000
 3  1   0.0000000000   0.0000000000   0.5311825036   0.0000000000   0.0000000000
 3  2  -0.0913880562   0.0999955292  -0.0844643892  -0.2162334240  -0.0999955292
 3  3   0.0844643892  -0.2162334240   0.0000000000   0.0000000000  -0.0484435742
 3  4   0.0000000000   0.0000000000   0.0114466513   0.0000000000   0.0000000000
 3  5   0.0238543288   0.0000000000   0.0000000000   0.0047645888   0.0000314672
 3  6   0.0000077129  -0.0000016826   0.0000000000   0.0000000000  -0.0010043244
 3  7   0.0000000000   0.0000000000   0.0001127269   0.0000000000   0.0000000000
 3  8   0.0001821351  -0.0000314672  -0.0000077129  -0.0000016826   0.0000000000
 3  9   0.0000000000   0.0024809746   0.0000000000   0.0000000000   0.0000150560
 3 10   0.0000000000   0.0000000000  -0.0006983730
 4  1  -0.1849190592  -0.0392681593   0.0000000000   0.7916709308  -0.1280876458
 4  2   0.0000000000  -0.0138686280  -0.0002849349  -0.0010244557  -0.0138686280
 4  3  -0.0002849349   0.0010244557   0.0010362909   0.0033794419   0.0000000000
 4  4  -0.1458446018  -0.0414572775   0.0000000000  -0.4194828076   0.2513996318
 4  5   0.0000000000   0.0042402125  -0.0505284389   0.0000000000  -0.0000693710
 4  6   0.0000491304  -0.0000055713   0.0069635506   0.0046326295   0.0000000000
 4  7  -0.0038224743  -0.0097893697   0.0000000000   0.0001719023   0.0005684746
 4  8   0.0000000000  -0.0000693710   0.0000491304   0.0000055713  -0.0165076230
 4  9   0.0039341052   0.0000000000   0.0002658356   0.0002329492   0.0000000000
 4 10  -0.0060031238   0.0053295984   0.0000000000
 5  1  -0.0391346585  -0.0899739527   0.0000000000  -0.1280876458   0.7527358920
 5  2   0.0000000000   0.0156347764   0.0023469727  -0.0004564568   0.0156347764
 5  3   0.0023469727   0.0004564568  -0.0348499954  -0.0099775556   0.0000000000
 5  4  -0.0503241940  -0.3225168380   0.0000000000   0.2304814212  -0.3188449269
 5  5   0.0000000000  -0.0441583806  -0.0236776268   0.0000000000   0.0007349142
 5  6   0.0000527286   0.0001521281  -0.0263057929  -0.0237951715   0.0000000000
 5  7  -0.0097893697   0.0357874226   0.0000000000   0.0012108631  -0.0033625582
 5  8   0.0000000000   0.0007349142   0.0000527286  -0.0001521281   0.0384103058
 5  9   0.0109742512   0.0000000000  -0.0009360165  -0.0005865104   0.0000000000
 5 10   0.0307184353  -0.0111153019   0.0000000000
 6  1   0.0000000000   0.0000000000  -0.0913880562   0.0000000000   0.0000000000
 6  2   0.2365552916   0.0308838068   0.0101092545   0.0007890545  -0.0308838068
 6  3  -0.0101092545   0.0007890545   0.0000000000   0.0000000000  -0.0030387217
 6  4   0.0000000000   0.0000000000  -0.0686926753   0.0000000000   0.0000000000
 6  5  -0.0774012002   0.0000000000   0.0000000000   0.0023213711   0.0000005342
 6  6   0.0000038139  -0.0000048219   0.0000000000   0.0000000000  -0.0002021298
 6  7   0.0000000000   0.0000000000   0.0006152034   0.0000000000   0.0000000000
 6  8   0.0001127269  -0.0000005342  -0.0000038139  -0.0000048219   0.0000000000
 6  9   0.0000000000   0.0001103532   0.0000000000   0.0000000000  -0.0000090224
 6 10   0.0000000000   0.0000000000  -0.0006047408
 7  1  -0.0967462526   0.0428068874   0.0999955292  -0.0138686280   0.0156347764
 7  2   0.0308838068   0.1065232097  -0.0492957906  -0.1065953332   0.0075586056
 7  3  -0.0063638754  -0.0127380348   0.0011165067  -0.0011685690  -0.0039195898
 7  4   0.0015426973  -0.0003119000  -0.0025041223  -0.0065107658  -0.0014525984
 7  5  -0.0039799462  -0.0002781763   0.0000355228  -0.0009198407  -0.0000037097
 7  6   0.0000037670   0.0000011257  -0.0009540257  -0.0005783611   0.0001683270
 7  7  -0.0000693710   0.0007349142  -0.0000005342  -0.0000085203  -0.0000785131
 7  8  -0.0000314672   0.0000125520   0.0000041658  -0.0000014305   0.0013596468
 7  9   0.0003435792  -0.0004333526  -0.0000280420  -0.0000170190  -0.0000004596
 7 10   0.0003574325  -0.0002581380   0.0000961320
 8  1   0.0426077093  -0.0864752021  -0.0844643892  -0.0002849349   0.0023469727
 8  2   0.0101092545  -0.0492957906   0.0885635242   0.0921877433  -0.0063638754
 8  3   0.0044885934   0.0105308564   0.0147737277  -0.0089768409  -0.0262128799
 8  4  -0.0010750048  -0.0012160936  -0.0010487196  -0.0008091092   0.0011699209
 8  5  -0.0009248512   0.0003416576   0.0001047424  -0.0001374169   0.0000037670
 8  6  -0.0000142658   0.0000034944  -0.0000318590  -0.0000810314   0.0000448431
 8  7   0.0000491304   0.0000527286  -0.0000038139  -0.0000081178   0.0000005377
 8  8  -0.0000077129   0.0000041658  -0.0000146471  -0.0000038875   0.0001219217
 8  9   0.0000706980  -0.0001042203  -0.0000064552   0.0000124299  -0.0000006075
 8 10  -0.0000144865   0.0000037006   0.0000176311
 9  1   0.0983123767  -0.0837070661  -0.2162334240  -0.0010244557  -0.0004564568
 9  2   0.0007890545  -0.1065953332   0.0921877433   0.2355993004   0.0127380348
 9  3  -0.0105308564  -0.0215055542  -0.0019459709   0.0009791979   0.0014477688
 9  4  -0.0002901676   0.0004553348   0.0005341855  -0.0012407959   0.0009145596
 9  5  -0.0007461297   0.0001609190   0.0001817640   0.0001887578  -0.0000011257
 9  6  -0.0000034944   0.0000017408   0.0000365350   0.0000683704   0.0000377850
 9  7   0.0000055713  -0.0001521281  -0.0000048219   0.0000022460   0.0000039533
 9  8  -0.0000016826  -0.0000014305  -0.0000038875  -0.0000019498  -0.0000584595
 9  9  -0.0000113099  -0.0001095791   0.0000051270   0.0000034137  -0.0000002947
 9 10  -0.0000783831   0.0000568134  -0.0000021635
10  1  -0.0967462526   0.0428068874  -0.0999955292  -0.0138686280   0.0156347764
10  2  -0.0308838068   0.0075586056  -0.0063638754   0.0127380348   0.1065232097
10  3  -0.0492957906   0.1065953332   0.0011165067  -0.0011685690   0.0039195898
10  4   0.0015426973  -0.0003119000   0.0025041223  -0.0065107658  -0.0014525984
10  5   0.0039799462  -0.0002781763   0.0000355228   0.0009198407   0.0000125520
10  6   0.0000041658   0.0000014305  -0.0009540257  -0.0005783611  -0.0001683270
10  7  -0.0000693710   0.0007349142   0.0000005342  -0.0000085203  -0.0000785131
10  8   0.0000314672  -0.0000037097   0.0000037670  -0.0000011257   0.0013596468
10  9   0.0003435792   0.0004333526  -0.0000280420  -0.0000170190   0.0000004596
10 10   0.0003574325  -0.0002581380  -0.0000961320
11  1   0.0426077093  -0.0864752021   0.0844643892  -0.0002849349   0.0023469727
11  2  -0.0101092545  -0.0063638754   0.0044885934  -0.0105308564  -0.0492957906
11  3   0.0885635242  -0.0921877433   0.0147737277  -0.0089768409   0.0262128799
11  4  -0.0010750048  -0.0012160936   0.0010487196  -0.0008091092   0.0011699209
11  5   0.0009248512   0.0003416576   0.0001047424   0.0001374169   0.0000041658
11  6  -0.0000146471   0.0000038875  -0.0000318590  -0.0000810314  -0.0000448431
11  7   0.0000491304   0.0000527286   0.0000038139  -0.0000081178   0.0000005377
11  8   0.0000077129   0.0000037670  -0.0000142658  -0.0000034944   0.0001219217
11  9   0.0000706980   0.0001042203  -0.0000064552   0.0000124299   0.0000006075
11 10  -0.0000144865   0.0000037006  -0.0000176311
12  1  -0.0983123767   0.0837070661  -0.2162334240   0.0010244557   0.0004564568
12  2   0.0007890545  -0.0127380348   0.0105308564  -0.0215055542   0.1065953332
12  3  -0.0921877433   0.2355993004   0.0019459709  -0.0009791979   0.0014477688
12  4   0.0002901676  -0.0004553348   0.0005341855   0.0012407959  -0.0009145596
12  5  -0.0007461297  -0.0001609190  -0.0001817640   0.0001887578   0.0000014305
12  6   0.0000038875  -0.0000019498  -0.0000365350  -0.0000683704   0.0000377850
12  7  -0.0000055713   0.0001521281  -0.0000048219  -0.0000022460  -0.0000039533
12  8  -0.0000016826   0.0000011257   0.0000034944   0.0000017408   0.0000584595
12  9   0.0000113099  -0.0001095791  -0.0000051270  -0.0000034137  -0.0000002947
12 10   0.0000783831  -0.0000568134  -0.0000021635
13  1  -0.0505702740  -0.0165950597   0.0000000000   0.0010362909  -0.0348499954
13  2   0.0000000000   0.0011165067   0.0147737277  -0.0019459709   0.0011165067
13  3   0.0147737277   0.0019459709   0.0533652573   0.0251162279   0.0000000000
13  4  -0.0094488744  -0.0038017655   0.0000000000   0.0030556228   0.0018747199
13  5   0.0000000000   0.0015636521  -0.0011650954   0.0000000000  -0.0000280420
13  6  -0.0000064552  -0.0000051270   0.0005054196   0.0005592058   0.0000000000
13  7   0.0002658356  -0.0009360165   0.0000000000  -0.0000646022   0.0001014399
13  8   0.0000000000  -0.0000280420  -0.0000064552   0.0000051270  -0.0006968567
13  9  -0.0002238666   0.0000000000   0.0000214114   0.0000128650   0.0000000000
13 10  -0.0011789829   0.0003342525   0.0000000000
14  1  -0.0244850430  -0.3239478827   0.0000000000   0.0033794419  -0.0099775556
14  2   0.0000000000  -0.0011685690  -0.0089768409   0.0009791979  -0.0011685690
14  3  -0.0089768409  -0.0009791979   0.0251162279   0.3492179534   0.0000000000
14  4  -0.0030905417   0.0003087364   0.0000000000   0.0011002836   0.0024076483
14  5   0.0000000000   0.0009978082   0.0000573022   0.0000000000  -0.0000170190
14  6   0.0000124299  -0.0000034137   0.0002213442   0.0003179226   0.0000000000
14  7   0.0002329492  -0.0005865104   0.0000000000  -0.0000519853   0.0000593030
14  8   0.0000000000  -0.0000170190   0.0000124299   0.0000034137  -0.0003248697
14  9  -0.0000555897   0.0000000000   0.0000128650   0.0000057605   0.0000000000
14 10  -0.0007480824   0.0001596400   0.0000000000
15  1   0.0000000000   0.0000000000  -0.0484435742   0.0000000000   0.0000000000
15  2  -0.0030387217  -0.0039195898  -0.0262128799   0.0014477688   0.0039195898
15  3   0.0262128799   0.0014477688   0.0000000000   0.0000000000   0.0468249160
15  4   0.0000000000   0.0000000000   0.0014924196   0.0000000000   0.0000000000
15  5  -0.0005910924   0.0000000000   0.0000000000   0.0009282269   0.0000004596
15  6   0.0000006075  -0.0000002947   0.0000000000   0.0000000000  -0.0000218776
15  7   0.0000000000   0.0000000000  -0.0000090224   0.0000000000   0.0000000000
15  8   0.0000150560  -0.0000004596  -0.0000006075  -0.0000002947   0.0000000000
15  9   0.0000000000   0.0000119352   0.0000000000   0.0000000000   0.0000001048
15 10   0.0000000000   0.0000000000  -0.0000583119
16  1  -0.0107229592  -0.0464206884   0.0000000000  -0.1458446018  -0.0503241940
16  2   0.0000000000   0.0015426973  -0.0010750048  -0.0002901676   0.0015426973
16  3  -0.0010750048   0.0002901676  -0.0094488744  -0.0030905417   0.0000000000
16  4   0.4894519163   0.0869222237   0.0000000000   0.0306568628   0.0441769480
16  5   0.0000000000  -0.3116465808  -0.0191780660   0.0000000000  -0.0009540257
16  6  -0.0000318590  -0.0000365350   0.0047490030   0.0111555409   0.0000000000
16  7   0.0069635506  -0.0263057929   0.0000000000  -0.0021997383   0.0031080665
16  8   0.0000000000  -0.0009540257  -0.0000318590   0.0000365350  -0.0068077169
16  9  -0.0019107646   0.0000000000   0.0005054196   0.0002213442   0.0000000000
16 10  -0.0466743857   0.0039468431   0.0000000000
17  1  -0.0131669800  -0.0225877582   0.0000000000  -0.0414572775  -0.3225168380
17  2   0.0000000000  -0.0003119000  -0.0012160936   0.0004553348  -0.0003119000
17  3  -0.0012160936  -0.0004553348  -0.0038017655   0.0003087364   0.0000000000
17  4   0.0869222237   0.4913337353   0.0000000000   0.0464537003  -0.0891918829
17  5   0.0000000000  -0.0425973690  -0.0554494023   0.0000000000  -0.0005783611
17  6  -0.0000810314  -0.0000683704   0.0111555409   0.0137285498   0.0000000000
17  7   0.0046326295  -0.0237951715   0.0000000000  -0.0011893753   0.0023915894
17  8   0.0000000000  -0.0005783611  -0.0000810314   0.0000683704  -0.0190924700
17  9  -0.0055959107   0.0000000000   0.0005592058   0.0003179226   0.0000000000
17 10  -0.0265025502   0.0134038652   0.0000000000
18  1   0.0000000000   0.0000000000   0.0114466513   0.0000000000   0.0000000000
18  2  -0.0686926753  -0.0025041223  -0.0010487196   0.0005341855   0.0025041223
18  3   0.0010487196   0.0005341855   0.0000000000   0.0000000000   0.0014924196
18  4   0.0000000000   0.0000000000   0.0485543991   0.0000000000   0.0000000000
18  5   0.0305515991   0.0000000000   0.0000000000  -0.0301783114  -0.0001683270
18  6  -0.0000448431   0.0000377850   0.0000000000   0.0000000000   0.0010819530
18  7   0.0000000000   0.0000000000  -0.0002021298   0.0000000000   0.0000000000
18  8  -0.0010043244   0.0001683270   0.0000448431   0.0000377850   0.0000000000
18  9   0.0000000000  -0.0014514665   0.0000000000   0.0000000000  -0.0000218776
18 10   0.0000000000   0.0000000000   0.0072894216
19  1  -0.0409562030   0.0348549719   0.0000000000  -0.4194828076   0.2304814212
19  2   0.0000000000  -0.0065107658  -0.0008091092  -0.0012407959  -0.0065107658
19  3  -0.0008091092   0.0012407959   0.0030556228   0.0011002836   0.0000000000
19  4   0.0306568628   0.0464537003   0.0000000000   0.4690850534  -0.3012448705
19  5   0.0000000000  -0.0174067220  -0.0000525609   0.0000000000   0.0003574325
19  6  -0.0000144865   0.0000783831  -0.0466743857  -0.0265025502   0.0000000000
19  7  -0.0060031238   0.0307184353   0.0000000000  -0.0000160305  -0.0035224466
19  8   0.0000000000   0.0003574325  -0.0000144865  -0.0000783831   0.0259224395
19  9   0.0008289955   0.0000000000  -0.0011789829  -0.0007480824   0.0000000000
19 10   0.0154189545  -0.0105279498   0.0000000000
20  1   0.0083403197   0.0055517807   0.0000000000   0.2513996318  -0.3188449269
20  2   0.0000000000  -0.0014525984   0.0011699209   0.0009145596  -0.0014525984
20  3   0.0011699209  -0.0009145596   0.0018747199   0.0024076483   0.0000000000
20  4   0.0441769480  -0.0891918829   0.0000000000  -0.3012448705   0.4016050885
20  5   0.0000000000   0.0164868262   0.0079453075   0.0000000000  -0.0002581380
20  6   0.0000037006  -0.0000568134   0.0039468431   0.0134038652   0.0000000000
20  7   0.0053295984  -0.0111153019   0.0000000000  -0.0004543547   0.0011559785
20  8   0.0000000000  -0.0002581380   0.0000037006   0.0000568134  -0.0162371619
20  9  -0.0181154729   0.0000000000   0.0003342525   0.0001596400   0.0000000000
20 10  -0.0105279498   0.0024931095   0.0000000000
21  1   0.0000000000   0.0000000000   0.0238543288   0.0000000000   0.0000000000
21  2  -0.0774012002  -0.0039799462  -0.0009248512  -0.0007461297   0.0039799462
21  3   0.0009248512  -0.0007461297   0.0000000000   0.0000000000  -0.0005910924
21  4   0.0000000000   0.0000000000   0.0305515991   0.0000000000   0.0000000000
21  5   0.0360762381   0.0000000000   0.0000000000  -0.0058432918  -0.0000961320
21  6  -0.0000176311  -0.0000021635   0.0000000000   0.0000000000   0.0072894216
21  7   0.0000000000   0.0000000000  -0.0006047408   0.0000000000   0.0000000000
21  8  -0.0006983730   0.0000961320   0.0000176311  -0.0000021635   0.0000000000
21  9   0.0000000000  -0.0127716772   0.0000000000   0.0000000000  -0.0000583119
21 10   0.0000000000   0.0000000000   0.0017171476
22  1   0.0025959294   0.0039964405   0.0000000000   0.0042402125  -0.0441583806
22  2   0.0000000000  -0.0002781763   0.0003416576   0.0001609190  -0.0002781763
22  3   0.0003416576  -0.0001609190   0.0015636521   0.0009978082   0.0000000000
22  4  -0.3116465808  -0.0425973690   0.0000000000  -0.0174067220   0.0164868262
22  5   0.0000000000   0.2985077862   0.0599722593   0.0000000000   0.0013596468
22  6   0.0001219217   0.0000584595  -0.0068077169  -0.0190924700   0.0000000000
22  7  -0.0165076230   0.0384103058   0.0000000000   0.0037032079  -0.0043147976
22  8   0.0000000000   0.0013596468   0.0001219217  -0.0000584595   0.0142317397
22  9   0.0058211551   0.0000000000  -0.0006968567  -0.0003248697   0.0000000000
22 10   0.0259224395  -0.0162371619   0.0000000000
23  1   0.0009501260  -0.0045100245   0.0000000000  -0.0505284389  -0.0236776268
23  2   0.0000000000   0.0000355228   0.0001047424   0.0001817640   0.0000355228
23  3   0.0001047424  -0.0001817640  -0.0011650954   0.0000573022   0.0000000000
23  4  -0.0191780660  -0.0554494023   0.0000000000  -0.0000525609   0.0079453075
23  5   0.0000000000   0.0599722593   0.0895663634   0.0000000000   0.0003435792
23  6   0.0000706980   0.0000113099  -0.0019107646  -0.0055959107   0.0000000000
23  7   0.0039341052   0.0109742512   0.0000000000   0.0007353839  -0.0013336978
23  8   0.0000000000   0.0003435792   0.0000706980  -0.0000113099   0.0058211551
23  9  -0.0001874938   0.0000000000  -0.0002238666  -0.0000555897   0.0000000000
23 10   0.0008289955  -0.0181154729   0.0000000000
24  1   0.0000000000   0.0000000000   0.0047645888   0.0000000000   0.0000000000
24  2   0.0023213711  -0.0009198407  -0.0001374169   0.0001887578   0.0009198407
24  3   0.0001374169   0.0001887578   0.0000000000   0.0000000000   0.0009282269
24  4   0.0000000000   0.0000000000  -0.0301783114   0.0000000000   0.0000000000
24  5  -0.0058432918   0.0000000000   0.0000000000   0.0386083263   0.0004333526
24  6   0.0001042203  -0.0001095791   0.0000000000   0.0000000000  -0.0014514665
24  7   0.0000000000   0.0000000000   0.0001103532   0.0000000000   0.0000000000
24  8   0.0024809746  -0.0004333526  -0.0001042203  -0.0001095791   0.0000000000
24  9   0.0000000000   0.0008591206   0.0000000000   0.0000000000   0.0000119352
24 10   0.0000000000   0.0000000000  -0.0127716772
25  1  -0.0000085203  -0.0000785131   0.0000314672  -0.0000693710   0.0007349142
25  2   0.0000005342  -0.0000037097   0.0000037670  -0.0000011257   0.0000125520
25  3   0.0000041658   0.0000014305  -0.0000280420  -0.0000170190   0.0000004596
25  4  -0.0009540257  -0.0005783611  -0.0001683270   0.0003574325  -0.0002581380
25  5  -0.0000961320   0.0013596468   0.0003435792   0.0004333526   0.1065232097
25  6  -0.0492957906   0.1065953332   0.0015426973  -0.0003119000   0.0025041223
25  7  -0.0138686280   0.0156347764  -0.0308838068  -0.0967462526   0.0428068874
25  8  -0.0999955292   0.0075586056  -0.0063638754   0.0127380348  -0.0002781763
25  9   0.0000355228   0.0009198407   0.0011165067  -0.0011685690   0.0039195898
25 10  -0.0065107658  -0.0014525984   0.0039799462
26  1  -0.0000081178   0.0000005377   0.0000077129   0.0000491304   0.0000527286
26  2   0.0000038139   0.0000037670  -0.0000142658  -0.0000034944   0.0000041658
26  3  -0.0000146471   0.0000038875  -0.0000064552   0.0000124299   0.0000006075
26  4  -0.0000318590  -0.0000810314  -0.0000448431  -0.0000144865   0.0000037006
26  5  -0.0000176311   0.0001219217   0.0000706980   0.0001042203  -0.0492957906
26  6   0.0885635242  -0.0921877433  -0.0010750048  -0.0012160936   0.0010487196
26  7  -0.0002849349   0.0023469727  -0.0101092545   0.0426077093  -0.0864752021
26  8   0.0844643892  -0.0063638754   0.0044885934  -0.0105308564   0.0003416576
26  9   0.0001047424   0.0001374169   0.0147737277  -0.0089768409   0.0262128799
26 10  -0.0008091092   0.0011699209   0.0009248512
27  1  -0.0000022460  -0.0000039533  -0.0000016826  -0.0000055713   0.0001521281
27  2  -0.0000048219   0.0000011257   0.0000034944   0.0000017408   0.0000014305
27  3   0.0000038875  -0.0000019498  -0.0000051270  -0.0000034137  -0.0000002947
27  4  -0.0000365350  -0.0000683704   0.0000377850   0.0000783831  -0.0000568134
27  5  -0.0000021635   0.0000584595   0.0000113099  -0.0001095791   0.1065953332
27  6  -0.0921877433   0.2355993004   0.0002901676  -0.0004553348   0.0005341855
27  7   0.0010244557   0.0004564568   0.0007890545  -0.0983123767   0.0837070661
27  8  -0.2162334240  -0.0127380348   0.0105308564  -0.0215055542  -0.0001609190
27  9  -0.0001817640   0.0001887578   0.0019459709  -0.0009791979   0.0014477688
27 10   0.0012407959  -0.0009145596  -0.0007461297
28  1  -0.0021997383   0.0031080665   0.0000000000   0.0069635506  -0.0263057929
28  2   0.0000000000  -0.0009540257  -0.0000318590   0.0000365350  -0.0009540257
28  3  -0.0000318590  -0.0000365350   0.0005054196   0.0002213442   0.0000000000
28  4   0.0047490030   0.0111555409   0.0000000000  -0.0466743857   0.0039468431
28  5   0.0000000000  -0.0068077169  -0.0019107646   0.0000000000   0.0015426973
28  6  -0.0010750048   0.0002901676   0.4894519163   0.0869222237   0.0000000000
28  7  -0.1458446018  -0.0503241940   0.0000000000  -0.0107229592  -0.0464206884
28  8   0.0000000000   0.0015426973  -0.0010750048  -0.0002901676  -0.3116465808
28  9  -0.0191780660   0.0000000000  -0.0094488744  -0.0030905417   0.0000000000
28 10   0.0306568628   0.0441769480   0.0000000000
29  1  -0.0011893753   0.0023915894   0.0000000000   0.0046326295  -0.0237951715
29  2   0.0000000000  -0.0005783611  -0.0000810314   0.0000683704  -0.0005783611
29  3  -0.0000810314  -0.0000683704   0.0005592058   0.0003179226   0.0000000000
29  4   0.0111555409   0.0137285498   0.0000000000  -0.0265025502   0.0134038652
29  5   0.0000000000  -0.0190924700  -0.0055959107   0.0000000000  -0.0003119000
29  6  -0.0012160936  -0.0004553348   0.0869222237   0.4913337353   0.0000000000
29  7  -0.0414572775  -0.3225168380   0.0000000000  -0.0131669800  -0.0225877582
29  8   0.0000000000  -0.0003119000  -0.0012160936   0.0004553348  -0.0425973690
29  9  -0.0554494023   0.0000000000  -0.0038017655   0.0003087364   0.0000000000
29 10   0.0464537003  -0.0891918829   0.0000000000
30  1   0.0000000000   0.0000000000  -0.0010043244   0.0000000000   0.0000000000
30  2  -0.0002021298   0.0001683270   0.0000448431   0.0000377850  -0.0001683270
30  3  -0.0000448431   0.0000377850   0.0000000000   0.0000000000  -0.0000218776
30  4   0.0000000000   0.0000000000   0.0010819530   0.0000000000   0.0000000000
30  5   0.0072894216   0.0000000000   0.0000000000  -0.0014514665   0.0025041223
30  6   0.0010487196   0.0005341855   0.0000000000   0.0000000000   0.0485543991
30  7   0.0000000000   0.0000000000  -0.0686926753   0.0000000000   0.0000000000
30  8   0.0114466513  -0.0025041223  -0.0010487196   0.0005341855   0.0000000000
30  9   0.0000000000  -0.0301783114   0.0000000000   0.0000000000   0.0014924196
30 10   0.0000000000   0.0000000000   0.0305515991
31  1   0.0001719023   0.0005684746   0.0000000000  -0.0038224743  -0.0097893697
31  2   0.0000000000  -0.0000693710   0.0000491304   0.0000055713  -0.0000693710
31  3   0.0000491304  -0.0000055713   0.0002658356   0.0002329492   0.0000000000
31  4   0.0069635506   0.0046326295   0.0000000000  -0.0060031238   0.0053295984
31  5   0.0000000000  -0.0165076230   0.0039341052   0.0000000000  -0.0138686280
31  6  -0.0002849349   0.0010244557  -0.1458446018  -0.0414572775   0.0000000000
31  7   0.7916709308  -0.1280876458   0.0000000000  -0.1849190592  -0.0392681593
31  8   0.0000000000  -0.0138686280  -0.0002849349  -0.0010244557   0.0042402125
31  9  -0.0505284389   0.0000000000   0.0010362909   0.0033794419   0.0000000000
31 10  -0.4194828076   0.2513996318   0.0000000000
32  1   0.0012108631  -0.0033625582   0.0000000000  -0.0097893697   0.0357874226
32  2   0.0000000000   0.0007349142   0.0000527286  -0.0001521281   0.0007349142
32  3   0.0000527286   0.0001521281  -0.0009360165  -0.0005865104   0.0000000000
32  4  -0.0263057929  -0.0237951715   0.0000000000   0.0307184353  -0.0111153019
32  5   0.0000000000   0.0384103058   0.0109742512   0.0000000000   0.0156347764
32  6   0.0023469727   0.0004564568  -0.0503241940  -0.3225168380   0.0000000000
32  7  -0.1280876458   0.7527358920   0.0000000000  -0.0391346585  -0.0899739527
32  8   0.0000000000   0.0156347764   0.0023469727  -0.0004564568  -0.0441583806
32  9  -0.0236776268   0.0000000000  -0.0348499954  -0.0099775556   0.0000000000
32 10   0.2304814212  -0.3188449269   0.0000000000
33  1   0.0000000000   0.0000000000   0.0001127269   0.0000000000   0.0000000000
33  2   0.0006152034  -0.0000005342  -0.0000038139  -0.0000048219   0.0000005342
33  3   0.0000038139  -0.0000048219   0.0000000000   0.0000000000  -0.0000090224
33  4   0.0000000000   0.0000000000  -0.0002021298   0.0000000000   0.0000000000
33  5  -0.0006047408   0.0000000000   0.0000000000   0.0001103532  -0.0308838068
33  6  -0.0101092545   0.0007890545   0.0000000000   0.0000000000  -0.0686926753
33  7   0.0000000000   0.0000000000   0.2365552916   0.0000000000   0.0000000000
33  8  -0.0913880562   0.0308838068   0.0101092545   0.0007890545   0.0000000000
33  9   0.0000000000   0.0023213711   0.0000000000   0.0000000000  -0.0030387217
33 10   0.0000000000   0.0000000000  -0.0774012002
34  1  -0.0000699270  -0.0001190845   0.0000000000   0.0001719023   0.0012108631
34  2   0.0000000000  -0.0000085203  -0.0000081178   0.0000022460  -0.0000085203
34  3  -0.0000081178  -0.0000022460  -0.0000646022  -0.0000519853   0.0000000000
34  4  -0.0021997383  -0.0011893753   0.0000000000  -0.0000160305  -0.0004543547
34  5   0.0000000000   0.0037032079   0.0007353839   0.0000000000  -0.0967462526
34  6   0.0426077093  -0.0983123767  -0.0107229592  -0.0131669800   0.0000000000
34  7  -0.1849190592  -0.0391346585   0.0000000000   0.4764728559  -0.0178216141
34  8   0.0000000000  -0.0967462526   0.0426077093   0.0983123767   0.0025959294
34  9   0.0009501260   0.0000000000  -0.0505702740  -0.0244850430   0.0000000000
34 10  -0.0409562030   0.0083403197   0.0000000000
35  1  -0.0001190845   0.0003953249   0.0000000000   0.0005684746  -0.0033625582
35  2   0.0000000000  -0.0000785131   0.0000005377   0.0000039533  -0.0000785131
35  3   0.0000005377  -0.0000039533   0.0001014399   0.0000593030   0.0000000000
35  4   0.0031080665   0.0023915894   0.0000000000  -0.0035224466   0.0011559785
35  5   0.0000000000  -0.0043147976  -0.0013336978   0.0000000000   0.0428068874
35  6  -0.0864752021   0.0837070661  -0.0464206884  -0.0225877582   0.0000000000
35  7  -0.0392681593  -0.0899739527   0.0000000000  -0.0178216141   0.6089815511
35  8   0.0000000000   0.0428068874  -0.0864752021  -0.0837070661   0.0039964405
35  9  -0.0045100245   0.0000000000  -0.0165950597  -0.3239478827   0.0000000000
35 10   0.0348549719   0.0055517807   0.0000000000
36  1   0.0000000000   0.0000000000   0.0001821351   0.0000000000   0.0000000000
36  2   0.0001127269  -0.0000314672  -0.0000077129  -0.0000016826   0.0000314672
36  3   0.0000077129  -0.0000016826   0.0000000000   0.0000000000   0.0000150560
36  4   0.0000000000   0.0000000000  -0.0010043244   0.0000000000   0.0000000000
36  5  -0.0006983730   0.0000000000   0.0000000000   0.0024809746  -0.0999955292
36  6   0.0844643892  -0.2162334240   0.0000000000   0.0000000000   0.0114466513
36  7   0.0000000000   0.0000000000  -0.0913880562   0.0000000000   0.0000000000
36  8   0.5311825036   0.0999955292  -0.0844643892  -0.2162334240   0.0000000000
36  9   0.0000000000   0.0047645888   0.0000000000   0.0000000000  -0.0484435742
36 10   0.0000000000   0.0000000000   0.0238543288
37  1  -0.0000085203  -0.0000785131  -0.0000314672  -0.0000693710   0.0007349142
37  2  -0.0000005342   0.0000125520   0.0000041658  -0.0000014305  -0.0000037097
37  3   0.0000037670   0.0000011257  -0.0000280420  -0.0000170190  -0.0000004596
37  4  -0.0009540257  -0.0005783611   0.0001683270   0.0003574325  -0.0002581380
37  5   0.0000961320   0.0013596468   0.0003435792  -0.0004333526   0.0075586056
37  6  -0.0063638754  -0.0127380348   0.0015426973  -0.0003119000  -0.0025041223
37  7  -0.0138686280   0.0156347764   0.0308838068  -0.0967462526   0.0428068874
37  8   0.0999955292   0.1065232097  -0.0492957906  -0.1065953332  -0.0002781763
37  9   0.0000355228  -0.0009198407   0.0011165067  -0.0011685690  -0.0039195898
37 10  -0.0065107658  -0.0014525984  -0.0039799462
38  1  -0.0000081178   0.0000005377  -0.0000077129   0.0000491304   0.0000527286
38  2  -0.0000038139   0.0000041658  -0.0000146471  -0.0000038875   0.0000037670
38  3  -0.0000142658   0.0000034944  -0.0000064552   0.0000124299  -0.0000006075
38  4  -0.0000318590  -0.0000810314   0.0000448431  -0.0000144865   0.0000037006
38  5   0.0000176311   0.0001219217   0.0000706980  -0.0001042203  -0.0063638754
38  6   0.0044885934   0.0105308564  -0.0010750048  -0.0012160936  -0.0010487196
38  7  -0.0002849349   0.0023469727   0.0101092545   0.0426077093  -0.0864752021
38  8  -0.0844643892  -0.0492957906   0.0885635242   0.0921877433   0.0003416576
38  9   0.0001047424  -0.0001374169   0.0147737277  -0.0089768409  -0.0262128799
38 10  -0.0008091092   0.0011699209  -0.0009248512
39  1   0.0000022460   0.0000039533  -0.0000016826   0.0000055713  -0.0001521281
39  2  -0.0000048219  -0.0000014305  -0.0000038875  -0.0000019498  -0.0000011257
39  3  -0.0000034944   0.0000017408   0.0000051270   0.0000034137  -0.0000002947
39  4   0.0000365350   0.0000683704   0.0000377850  -0.0000783831   0.0000568134
39  5  -0.0000021635  -0.0000584595  -0.0000113099  -0.0001095791   0.0127380348
39  6  -0.0105308564  -0.0215055542  -0.0002901676   0.0004553348   0.0005341855
39  7  -0.0010244557  -0.0004564568   0.0007890545   0.0983123767  -0.0837070661
39  8  -0.2162334240  -0.1065953332   0.0921877433   0.2355993004   0.0001609190
39  9   0.0001817640   0.0001887578  -0.0019459709   0.0009791979   0.0014477688
39 10  -0.0012407959   0.0009145596  -0.0007461297
40  1   0.0037032079  -0.0043147976   0.0000000000  -0.0165076230   0.0384103058
40  2   0.0000000000   0.0013596468   0.0001219217  -0.0000584595   0.0013596468
40  3   0.0001219217   0.0000584595  -0.0006968567  -0.0003248697   0.0000000000
40  4  -0.0068077169  -0.0190924700   0.0000000000   0.0259224395  -0.0162371619
40  5   0.0000000000   0.0142317397   0.0058211551   0.0000000000  -0.0002781763
40  6   0.0003416576  -0.0001609190  -0.3116465808  -0.0425973690   0.0000000000
40  7   0.0042402125  -0.0441583806   0.0000000000   0.0025959294   0.0039964405
40  8   0.0000000000  -0.0002781763   0.0003416576   0.0001609190   0.2985077862
40  9   0.0599722593   0.0000000000   0.0015636521   0.0009978082   0.0000000000
40 10  -0.0174067220   0.0164868262   0.0000000000
41  1   0.0007353839  -0.0013336978   0.0000000000   0.0039341052   0.0109742512
41  2   0.0000000000   0.0003435792   0.0000706980  -0.0000113099   0.0003435792
41  3   0.0000706980   0.0000113099  -0.0002238666  -0.0000555897   0.0000000000
41  4  -0.0019107646  -0.0055959107   0.0000000000   0.0008289955  -0.0181154729
41  5   0.0000000000   0.0058211551  -0.0001874938   0.0000000000   0.0000355228
41  6   0.0001047424  -0.0001817640  -0.0191780660  -0.0554494023   0.0000000000
41  7  -0.0505284389  -0.0236776268   0.0000000000   0.0009501260  -0.0045100245
41  8   0.0000000000   0.0000355228   0.0001047424   0.0001817640   0.0599722593
41  9   0.0895663634   0.0000000000  -0.0011650954   0.0000573022   0.0000000000
41 10  -0.0000525609   0.0079453075   0.0000000000
42  1   0.0000000000   0.0000000000   0.0024809746   0.0000000000   0.0000000000
42  2   0.0001103532  -0.0004333526  -0.0001042203  -0.0001095791   0.0004333526
42  3   0.0001042203  -0.0001095791   0.0000000000   0.0000000000   0.0000119352
42  4   0.0000000000   0.0000000000  -0.0014514665   0.0000000000   0.0000000000
42  5  -0.0127716772   0.0000000000   0.0000000000   0.0008591206   0.0009198407
42  6   0.0001374169   0.0001887578   0.0000000000   0.0000000000  -0.0301783114
42  7   0.0000000000   0.0000000000   0.0023213711   0.0000000000   0.0000000000
42  8   0.0047645888  -0.0009198407  -0.0001374169   0.0001887578   0.0000000000
42  9   0.0000000000   0.0386083263   0.0000000000   0.0000000000   0.0009282269
42 10   0.0000000000   0.0000000000  -0.0058432918
43  1  -0.0000646022   0.0001014399   0.0000000000   0.0002658356  -0.0009360165
43  2   0.0000000000  -0.0000280420  -0.0000064552   0.0000051270  -0.0000280420
43  3  -0.0000064552  -0.0000051270   0.0000214114   0.0000128650   0.0000000000
43  4   0.0005054196   0.0005592058   0.0000000000  -0.0011789829   0.0003342525
43  5   0.0000000000  -0.0006968567  -0.0002238666   0.0000000000   0.0011165067
43  6   0.0147737277   0.0019459709  -0.0094488744  -0.0038017655   0.0000000000
43  7   0.0010362909  -0.0348499954   0.0000000000  -0.0505702740  -0.0165950597
43  8   0.0000000000   0.0011165067   0.0147737277  -0.0019459709   0.0015636521
43  9  -0.0011650954   0.0000000000   0.0533652573   0.0251162279   0.0000000000
43 10   0.0030556228   0.0018747199   0.0000000000
44  1  -0.0000519853   0.0000593030   0.0000000000   0.0002329492  -0.0005865104
44  2   0.0000000000  -0.0000170190   0.0000124299   0.0000034137  -0.0000170190
44  3   0.0000124299  -0.0000034137   0.0000128650   0.0000057605   0.0000000000
44  4   0.0002213442   0.0003179226   0.0000000000  -0.0007480824   0.0001596400
44  5   0.0000000000  -0.0003248697  -0.0000555897   0.0000000000  -0.0011685690
44  6  -0.0089768409  -0.0009791979  -0.0030905417   0.0003087364   0.0000000000
44  7   0.0033794419  -0.0099775556   0.0000000000  -0.0244850430  -0.3239478827
44  8   0.0000000000  -0.0011685690  -0.0089768409   0.0009791979   0.0009978082
44  9   0.0000573022   0.0000000000   0.0251162279   0.3492179534   0.0000000000
44 10   0.0011002836   0.0024076483   0.0000000000
45  1   0.0000000000   0.0000000000   0.0000150560   0.0000000000   0.0000000000
45  2  -0.0000090224  -0.0000004596  -0.0000006075  -0.0000002947   0.0000004596
45  3   0.0000006075  -0.0000002947   0.0000000000   0.0000000000   0.0000001048
45  4   0.0000000000   0.0000000000  -0.0000218776   0.0000000000   0.0000000000
45  5  -0.0000583119   0.0000000000   0.0000000000   0.0000119352   0.0039195898
45  6   0.0262128799   0.0014477688   0.0000000000   0.0000000000   0.0014924196
45  7   0.0000000000   0.0000000000  -0.0030387217   0.0000000000   0.0000000000
45  8  -0.0484435742  -0.0039195898  -0.0262128799   0.0014477688   0.0000000000
45  9   0.0000000000   0.0009282269   0.0000000000   0.0000000000   0.0468249160
45 10   0.0000000000   0.0000000000  -0.0005910924
46  1  -0.0000160305  -0.0035224466   0.0000000000  -0.0060031238   0.0307184353
46  2   0.0000000000   0.0003574325  -0.0000144865  -0.0000783831   0.0003574325
46  3  -0.0000144865   0.0000783831  -0.0011789829  -0.0007480824   0.0000000000
46  4  -0.0466743857  -0.0265025502   0.0000000000   0.0154189545  -0.0105279498
46  5   0.0000000000   0.0259224395   0.0008289955   0.0000000000  -0.0065107658
46  6  -0.0008091092   0.0012407959   0.0306568628   0.0464537003   0.0000000000
46  7  -0.4194828076   0.2304814212   0.0000000000  -0.0409562030   0.0348549719
46  8   0.0000000000  -0.0065107658  -0.0008091092  -0.0012407959  -0.0174067220
46  9  -0.0000525609   0.0000000000   0.0030556228   0.0011002836   0.0000000000
46 10   0.4690850534  -0.3012448705   0.0000000000
47  1  -0.0004543547   0.0011559785   0.0000000000   0.0053295984  -0.0111153019
47  2   0.0000000000  -0.0002581380   0.0000037006   0.0000568134  -0.0002581380
47  3   0.0000037006  -0.0000568134   0.0003342525   0.0001596400   0.0000000000
47  4   0.0039468431   0.0134038652   0.0000000000  -0.0105279498   0.0024931095
47  5   0.0000000000  -0.0162371619  -0.0181154729   0.0000000000  -0.0014525984
47  6   0.0011699209  -0.0009145596   0.0441769480  -0.0891918829   0.0000000000
47  7   0.2513996318  -0.3188449269   0.0000000000   0.0083403197   0.0055517807
47  8   0.0000000000  -0.0014525984   0.0011699209   0.0009145596   0.0164868262
47  9   0.0079453075   0.0000000000   0.0018747199   0.0024076483   0.0000000000
47 10  -0.3012448705   0.4016050885   0.0000000000
48  1   0.0000000000   0.0000000000  -0.0006983730   0.0000000000   0.0000000000
48  2  -0.0006047408   0.0000961320   0.0000176311  -0.0000021635  -0.0000961320
48  3  -0.0000176311  -0.0000021635   0.0000000000   0.0000000000  -0.0000583119
48  4   0.0000000000   0.0000000000   0.0072894216   0.0000000000   0.0000000000
48  5   0.0017171476   0.0000000000   0.0000000000  -0.0127716772   0.0039799462
48  6   0.0009248512  -0.0007461297   0.0000000000   0.0000000000   0.0305515991
48  7   0.0000000000   0.0000000000  -0.0774012002   0.0000000000   0.0000000000
48  8   0.0238543288  -0.0039799462  -0.0009248512  -0.0007461297   0.0000000000
48  9   0.0000000000  -0.0058432918   0.0000000000   0.0000000000  -0.0005910924
48 10   0.0000000000   0.0000000000   0.0360762381
$hessian (projected)
 1  1   0.4764952806  -0.0178446272   0.0000000000  -0.1849049196  -0.0391222229
 1  2   0.0000000000  -0.0967482313   0.0426088175   0.0983119363  -0.0967482313
 1  3   0.0426088175  -0.0983119363  -0.0505761062  -0.0244859598   0.0000000000
 1  4  -0.0107357810  -0.0131899143   0.0000000000  -0.0409339818   0.0083322171
 1  5   0.0000000000   0.0026091240   0.0009532632   0.0000000000  -0.0000058186
 1  6  -0.0000116192   0.0000022514  -0.0021972593  -0.0011919154   0.0000000000
 1  7   0.0001953020   0.0012047019   0.0000000000  -0.0000593169  -0.0000997852
 1  8   0.0000000000  -0.0000058186  -0.0000116192  -0.0000022514   0.0037188877
 1  9   0.0007440560   0.0000000000  -0.0000635812  -0.0000488167   0.0000000000
 1 10  -0.0000395486  -0.0004453932   0.0000000000
 2  1  -0.0178446272   0.6090822356   0.0000000000  -0.0392401483  -0.0900384799
 2  2   0.0000000000   0.0428111531  -0.0864857286  -0.0837127849   0.0428111531
 2  3  -0.0864857286   0.0837127849  -0.0165792948  -0.3239433703   0.0000000000
 2  4  -0.0464028640  -0.0225103503   0.0000000000   0.0347538700   0.0056180285
 2  5   0.0000000000   0.0040121018  -0.0044961650   0.0000000000  -0.0000906460
 2  6   0.0000059206  -0.0000124820   0.0030712610   0.0023954542   0.0000000000
 2  7   0.0005644411  -0.0033633867   0.0000000000  -0.0000997852   0.0003445303
 2  8   0.0000000000  -0.0000906460   0.0000059206   0.0000124820  -0.0043079360
 2  9  -0.0013393242   0.0000000000   0.0000932868   0.0000492192   0.0000000000
 2 10  -0.0034613197   0.0011612246   0.0000000000
 3  1   0.0000000000   0.0000000000   0.5311496859   0.0000000000   0.0000000000
 3  2  -0.0914034130   0.0999951001  -0.0844647870  -0.2162279082  -0.0999951001
 3  3   0.0844647870  -0.2162279082   0.0000000000   0.0000000000  -0.0484496550
 3  4   0.0000000000   0.0000000000   0.0113962277   0.0000000000   0.0000000000
 3  5   0.0238845450   0.0000000000   0.0000000000   0.0047725416   0.0000352002
 3  6   0.0000043797  -0.0000063619   0.0000000000   0.0000000000  -0.0009647870
 3  7   0.0000000000   0.0000000000   0.0001319801   0.0000000000   0.0000000000
 3  8   0.0002013366  -0.0000352002  -0.0000043797  -0.0000063619   0.0000000000
 3  9   0.0000000000   0.0024727555   0.0000000000   0.0000000000   0.0000195706
 3 10   0.0000000000   0.0000000000  -0.0007422478
 4  1  -0.1849049196  -0.0392401483   0.0000000000   0.7916846172  -0.1280495173
 4  2   0.0000000000  -0.0138698027  -0.0002809088  -0.0010257509  -0.0138698027
 4  3  -0.0002809088   0.0010257509   0.0010306333   0.0033829863   0.0000000000
 4  4  -0.1458424217  -0.0414386399   0.0000000000  -0.4194829039   0.2514241058
 4  5   0.0000000000   0.0042548265  -0.0505225020   0.0000000000  -0.0000670952
 4  6   0.0000450349  -0.0000019287   0.0069570278   0.0046254035   0.0000000000
 4  7  -0.0037941169  -0.0097935325   0.0000000000   0.0001953020   0.0005644411
 4  8   0.0000000000  -0.0000670952   0.0000450349   0.0000019287  -0.0164929846
 4  9   0.0039423015   0.0000000000   0.0002670601   0.0002339804   0.0000000000
 4 10  -0.0059983242   0.0053428693   0.0000000000
 5  1  -0.0391222229  -0.0900384799   0.0000000000  -0.1280495173   0.7525864921
 5  2   0.0000000000   0.0156368089   0.0023279778  -0.0004590256   0.0156368089
 5  3   0.0023279778   0.0004590256  -0.0348352758  -0.0099874991   0.0000000000
 5  4  -0.0503348088  -0.3225818179   0.0000000000   0.2304639484  -0.3188965505
 5  5   0.0000000000  -0.0441460986  -0.0236741474   0.0000000000   0.0007258527
 5  6   0.0000569085   0.0001467494  -0.0263008544  -0.0238024314   0.0000000000
 5  7  -0.0097935325   0.0357562211   0.0000000000   0.0012047019  -0.0033633867
 5  8   0.0000000000   0.0007258527   0.0000569085  -0.0001467494   0.0384213849
 5  9   0.0109693336   0.0000000000  -0.0009422861  -0.0005918096   0.0000000000
 5 10   0.0307092379  -0.0111456969   0.0000000000
 6  1   0.0000000000   0.0000000000  -0.0914034130   0.0000000000   0.0000000000
 6  2   0.2365554606   0.0308818486   0.0101110222   0.0007919077  -0.0308818486
 6  3  -0.0101110222   0.0007919077   0.0000000000   0.0000000000  -0.0030407233
 6  4   0.0000000000   0.0000000000  -0.0687420480   0.0000000000   0.0000000000
 6  5  -0.0773517847   0.0000000000   0.0000000000   0.0023247212   0.0000027381
 6  6   0.0000026463  -0.0000053689   0.0000000000   0.0000000000  -0.0001403156
 6  7   0.0000000000   0.0000000000   0.0006364434   0.0000000000   0.0000000000
 6  8   0.0001319801  -0.0000027381  -0.0000026463  -0.0000053689   0.0000000000
 6  9   0.0000000000   0.0001082065   0.0000000000   0.0000000000  -0.0000071174
 6 10   0.0000000000   0.0000000000  -0.0006444873
 7  1  -0.0967482313   0.0428111531   0.0999951001  -0.0138698027   0.0156368089
 7  2   0.0308818486   0.1065238122  -0.0492967180  -0.1065943398   0.0075574349
 7  3  -0.0063617995  -0.0127368142   0.0011155873  -0.0011680941  -0.0039210461
 7  4   0.0015433952  -0.0003123579  -0.0024752275  -0.0065162205  -0.0014545670
 7  5  -0.0040082350  -0.0002768786   0.0000357267  -0.0009179279  -0.0000026503
 7  6   0.0000008562  -0.0000000298  -0.0009583212  -0.0005901052   0.0001338881
 7  7  -0.0000670952   0.0007258527  -0.0000027381  -0.0000058186  -0.0000906460
 7  8  -0.0000352002   0.0000118382   0.0000042583  -0.0000031875   0.0013606003
 7  9   0.0003437323  -0.0004356146  -0.0000276983  -0.0000179389   0.0000006474
 7 10   0.0003600487  -0.0002661616   0.0001188766
 8  1   0.0426088175  -0.0864857286  -0.0844647870  -0.0002809088   0.0023279778
 8  2   0.0101110222  -0.0492967180   0.0885610739   0.0921867904  -0.0063617995
 8  3   0.0044853482   0.0105310425   0.0147759014  -0.0089780788  -0.0262138371
 8  4  -0.0010792923  -0.0012255193  -0.0010524282  -0.0008115322   0.0011639587
 8  5  -0.0009223720   0.0003425582   0.0001053819  -0.0001376338   0.0000008562
 8  6  -0.0000122352   0.0000033188  -0.0000319372  -0.0000772138   0.0000524618
 8  7   0.0000450349   0.0000569085  -0.0000026463  -0.0000116192   0.0000059206
 8  8  -0.0000043797   0.0000042583  -0.0000134114  -0.0000024525   0.0001227365
 8  9   0.0000699665  -0.0001037570  -0.0000081648   0.0000124173   0.0000005960
 8 10  -0.0000181910   0.0000032341   0.0000190620
 9  1   0.0983119363  -0.0837127849  -0.2162279082  -0.0010257509  -0.0004590256
 9  2   0.0007919077  -0.1065943398   0.0921867904   0.2356008993   0.0127368142
 9  3  -0.0105310425  -0.0215039553  -0.0019458105   0.0009787012   0.0014484291
 9  4  -0.0002956688   0.0004524597   0.0005402211  -0.0012401323   0.0009137749
 9  5  -0.0007412113   0.0001605337   0.0001817631   0.0001900306   0.0000000298
 9  6  -0.0000033188   0.0000003782   0.0000354588   0.0000749884   0.0000334722
 9  7   0.0000019287  -0.0001467494  -0.0000053689  -0.0000022514   0.0000124820
 9  8  -0.0000063619  -0.0000031875  -0.0000024525  -0.0000033124  -0.0000584886
 9  9  -0.0000110731  -0.0001107082   0.0000045522   0.0000041462  -0.0000009203
 9 10  -0.0000856240   0.0000613410  -0.0000055917
10  1  -0.0967482313   0.0428111531  -0.0999951001  -0.0138698027   0.0156368089
10  2  -0.0308818486   0.0075574349  -0.0063617995   0.0127368142   0.1065238122
10  3  -0.0492967180   0.1065943398   0.0011155873  -0.0011680941   0.0039210461
10  4   0.0015433952  -0.0003123579   0.0024752275  -0.0065162205  -0.0014545670
10  5   0.0040082350  -0.0002768786   0.0000357267   0.0009179279   0.0000118382
10  6   0.0000042583   0.0000031875  -0.0009583212  -0.0005901052  -0.0001338881
10  7  -0.0000670952   0.0007258527   0.0000027381  -0.0000058186  -0.0000906460
10  8   0.0000352002  -0.0000026503   0.0000008562   0.0000000298   0.0013606003
10  9   0.0003437323   0.0004356146  -0.0000276983  -0.0000179389  -0.0000006474
10 10   0.0003600487  -0.0002661616  -0.0001188766
11  1   0.0426088175  -0.0864857286   0.0844647870  -0.0002809088   0.0023279778
11  2  -0.0101110222  -0.0063617995   0.0044853482  -0.0105310425  -0.0492967180
11  3   0.0885610739  -0.0921867904   0.0147759014  -0.0089780788   0.0262138371
11  4  -0.0010792923  -0.0012255193   0.0010524282  -0.0008115322   0.0011639587
11  5   0.0009223720   0.0003425582   0.0001053819   0.0001376338   0.0000042583
11  6  -0.0000134114   0.0000024525  -0.0000319372  -0.0000772138  -0.0000524618
11  7   0.0000450349   0.0000569085   0.0000026463  -0.0000116192   0.0000059206
11  8   0.0000043797   0.0000008562  -0.0000122352  -0.0000033188   0.0001227365
11  9   0.0000699665   0.0001037570  -0.0000081648   0.0000124173  -0.0000005960
11 10  -0.0000181910   0.0000032341  -0.0000190620
12  1  -0.0983119363   0.0837127849  -0.2162279082   0.0010257509   0.0004590256
12  2   0.0007919077  -0.0127368142   0.0105310425  -0.0215039553   0.1065943398
12  3  -0.0921867904   0.2356008993   0.0019458105  -0.0009787012   0.0014484291
12  4   0.0002956688  -0.0004524597   0.0005402211   0.0012401323  -0.0009137749
12  5  -0.0007412113  -0.0001605337  -0.0001817631   0.0001900306   0.0000031875
12  6   0.0000024525  -0.0000033124  -0.0000354588  -0.0000749884   0.0000334722
12  7  -0.0000019287   0.0001467494  -0.0000053689   0.0000022514  -0.0000124820
12  8  -0.0000063619  -0.0000000298   0.0000033188   0.0000003782   0.0000584886
12  9   0.0000110731  -0.0001107082  -0.0000045522  -0.0000041462  -0.0000009203
12 10   0.0000856240  -0.0000613410  -0.0000055917
13  1  -0.0505761062  -0.0165792948   0.0000000000   0.0010306333  -0.0348352758
13  2   0.0000000000   0.0011155873   0.0147759014  -0.0019458105   0.0011155873
13  3   0.0147759014   0.0019458105   0.0533633013   0.0251176473   0.0000000000
13  4  -0.0094508406  -0.0037888822   0.0000000000   0.0030459003   0.0018843755
13  5   0.0000000000   0.0015647152  -0.0011645055   0.0000000000  -0.0000276983
13  6  -0.0000081648  -0.0000045522   0.0004964163   0.0005547392   0.0000000000
13  7   0.0002670601  -0.0009422861   0.0000000000  -0.0000635812   0.0000932868
13  8   0.0000000000  -0.0000276983  -0.0000081648   0.0000045522  -0.0006961331
13  9  -0.0002228006   0.0000000000   0.0000223273   0.0000122995   0.0000000000
13 10  -0.0011794707   0.0003352234   0.0000000000
14  1  -0.0244859598  -0.3239433703   0.0000000000   0.0033829863  -0.0099874991
14  2   0.0000000000  -0.0011680941  -0.0089780788   0.0009787012  -0.0011680941
14  3  -0.0089780788  -0.0009787012   0.0251176473   0.3492180057   0.0000000000
14  4  -0.0030870370   0.0003093287   0.0000000000   0.0010928916   0.0024070653
14  5   0.0000000000   0.0009992595   0.0000580916   0.0000000000  -0.0000179389
14  6   0.0000124173  -0.0000041462   0.0002196613   0.0003111524   0.0000000000
14  7   0.0002339804  -0.0005918096   0.0000000000  -0.0000488167   0.0000492192
14  8   0.0000000000  -0.0000179389   0.0000124173   0.0000041462  -0.0003242158
14  9  -0.0000565070   0.0000000000   0.0000122995   0.0000044217   0.0000000000
14 10  -0.0007406304   0.0001532245   0.0000000000
15  1   0.0000000000   0.0000000000  -0.0484496550   0.0000000000   0.0000000000
15  2  -0.0030407233  -0.0039210461  -0.0262138371   0.0014484291   0.0039210461
15  3   0.0262138371   0.0014484291   0.0000000000   0.0000000000   0.0468213301
15  4   0.0000000000   0.0000000000   0.0015115016   0.0000000000   0.0000000000
15  5  -0.0006162633   0.0000000000   0.0000000000   0.0009303200  -0.0000006474
15  6  -0.0000005960  -0.0000009203   0.0000000000   0.0000000000  -0.0000424374
15  7   0.0000000000   0.0000000000  -0.0000071174   0.0000000000   0.0000000000
15  8   0.0000195706   0.0000006474   0.0000005960  -0.0000009203   0.0000000000
15  9   0.0000000000   0.0000097842   0.0000000000   0.0000000000   0.0000035237
15 10   0.0000000000   0.0000000000  -0.0000348514
16  1  -0.0107357810  -0.0464028640   0.0000000000  -0.1458424217  -0.0503348088
16  2   0.0000000000   0.0015433952  -0.0010792923  -0.0002956688   0.0015433952
16  3  -0.0010792923   0.0002956688  -0.0094508406  -0.0030870370   0.0000000000
16  4   0.4894184927   0.0869098571   0.0000000000   0.0305925067   0.0441790598
16  5   0.0000000000  -0.3116281689  -0.0191677004   0.0000000000  -0.0009583212
16  6  -0.0000319372  -0.0000354588   0.0046962571   0.0111152804   0.0000000000
16  7   0.0069570278  -0.0263008544   0.0000000000  -0.0021972593   0.0030712610
16  8   0.0000000000  -0.0009583212  -0.0000319372   0.0000354588  -0.0067922276
16  9  -0.0019065774   0.0000000000   0.0004964163   0.0002196613   0.0000000000
16 10  -0.0466841495   0.0039271814   0.0000000000
17  1  -0.0131899143  -0.0225103503   0.0000000000  -0.0414386399  -0.3225818179
17  2   0.0000000000  -0.0003123579  -0.0012255193   0.0004524597  -0.0003123579
17  3  -0.0012255193  -0.0004524597  -0.0037888822   0.0003093287   0.0000000000
17  4   0.0869098571   0.4914131099   0.0000000000   0.0463669549  -0.0891191810
17  5   0.0000000000  -0.0425806403  -0.0554370338   0.0000000000  -0.0005901052
17  6  -0.0000772138  -0.0000749884   0.0111152804   0.0137771710   0.0000000000
17  7   0.0046254035  -0.0238024314   0.0000000000  -0.0011919154   0.0023954542
17  8   0.0000000000  -0.0005901052  -0.0000772138   0.0000749884  -0.0190809198
17  9  -0.0055960688   0.0000000000   0.0005547392   0.0003111524   0.0000000000
17 10  -0.0264963968   0.0134461333   0.0000000000
18  1   0.0000000000   0.0000000000   0.0113962277   0.0000000000   0.0000000000
18  2  -0.0687420480  -0.0024752275  -0.0010524282   0.0005402211   0.0024752275
18  3   0.0010524282   0.0005402211   0.0000000000   0.0000000000   0.0015115016
18  4   0.0000000000   0.0000000000   0.0485037410   0.0000000000   0.0000000000
18  5   0.0306225621   0.0000000000   0.0000000000  -0.0301722248  -0.0001338881
18  6  -0.0000524618   0.0000334722   0.0000000000   0.0000000000   0.0011277693
18  7   0.0000000000   0.0000000000  -0.0001403156   0.0000000000   0.0000000000
18  8  -0.0009647870   0.0001338881   0.0000524618   0.0000334722   0.0000000000
18  9   0.0000000000  -0.0014572993   0.0000000000   0.0000000000  -0.0000424374
18 10   0.0000000000   0.0000000000   0.0072099237
19  1  -0.0409339818   0.0347538700   0.0000000000  -0.4194829039   0.2304639484
19  2   0.0000000000  -0.0065162205  -0.0008115322  -0.0012401323  -0.0065162205
19  3  -0.0008115322   0.0012401323   0.0030459003   0.0010928916   0.0000000000
19  4   0.0305925067   0.0463669549   0.0000000000   0.4691207095  -0.3012991264
19  5   0.0000000000  -0.0173928104  -0.0000522230   0.0000000000   0.0003600487
19  6  -0.0000181910   0.0000856240  -0.0466841495  -0.0264963968   0.0000000000
19  7  -0.0059983242   0.0307092379   0.0000000000  -0.0000395486  -0.0034613197
19  8   0.0000000000   0.0003600487  -0.0000181910  -0.0000856240   0.0259431883
19  9   0.0008414486   0.0000000000  -0.0011794707  -0.0007406304   0.0000000000
19 10   0.0153212281  -0.0105192087   0.0000000000
20  1   0.0083322171   0.0056180285   0.0000000000   0.2514241058  -0.3188965505
20  2   0.0000000000  -0.0014545670   0.0011639587   0.0009137749  -0.0014545670
20  3   0.0011639587  -0.0009137749   0.0018843755   0.0024070653   0.0000000000
20  4   0.0441790598  -0.0891191810   0.0000000000  -0.3012991264   0.4016682761
20  5   0.0000000000   0.0165037676   0.0079546728   0.0000000000  -0.0002661616
20  6   0.0000032341  -0.0000613410   0.0039271814   0.0134461333   0.0000000000
20  7   0.0053428693  -0.0111456969   0.0000000000  -0.0004453932   0.0011612246
20  8   0.0000000000  -0.0002661616   0.0000032341   0.0000613410  -0.0162236146
20  9  -0.0181134485   0.0000000000   0.0003352234   0.0001532245   0.0000000000
20 10  -0.0105192087   0.0025318662   0.0000000000
21  1   0.0000000000   0.0000000000   0.0238845450   0.0000000000   0.0000000000
21  2  -0.0773517847  -0.0040082350  -0.0009223720  -0.0007412113   0.0040082350
21  3   0.0009223720  -0.0007412113   0.0000000000   0.0000000000  -0.0006162633
21  4   0.0000000000   0.0000000000   0.0306225621   0.0000000000   0.0000000000
21  5   0.0359921013   0.0000000000   0.0000000000  -0.0058367852  -0.0001188766
21  6  -0.0000190620  -0.0000055917   0.0000000000   0.0000000000   0.0072099237
21  7   0.0000000000   0.0000000000  -0.0006444873   0.0000000000   0.0000000000
21  8  -0.0007422478   0.0001188766   0.0000190620  -0.0000055917   0.0000000000
21  9   0.0000000000  -0.0127781627   0.0000000000   0.0000000000  -0.0000348514
21 10   0.0000000000   0.0000000000   0.0017890565
22  1   0.0026091240   0.0040121018   0.0000000000   0.0042548265  -0.0441460986
22  2   0.0000000000  -0.0002768786   0.0003425582   0.0001605337  -0.0002768786
22  3   0.0003425582  -0.0001605337   0.0015647152   0.0009992595   0.0000000000
22  4  -0.3116281689  -0.0425806403   0.0000000000  -0.0173928104   0.0165037676
22  5   0.0000000000   0.2985102657   0.0599739984   0.0000000000   0.0013606003
22  6   0.0001227365   0.0000584886  -0.0067922276  -0.0190809198   0.0000000000
22  7  -0.0164929846   0.0384213849   0.0000000000   0.0037188877  -0.0043079360
22  8   0.0000000000   0.0013606003   0.0001227365  -0.0000584886   0.0142338738
22  9   0.0058223233   0.0000000000  -0.0006961331  -0.0003242158   0.0000000000
22 10   0.0259431883  -0.0162236146   0.0000000000
23  1   0.0009532632  -0.0044961650   0.0000000000  -0.0505225020  -0.0236741474
23  2   0.0000000000   0.0000357267   0.0001053819   0.0001817631   0.0000357267
23  3   0.0001053819  -0.0001817631  -0.0011645055   0.0000580916   0.0000000000
23  4  -0.0191677004  -0.0554370338   0.0000000000  -0.0000522230   0.0079546728
23  5   0.0000000000   0.0599739984   0.0895671827   0.0000000000   0.0003437323
23  6   0.0000699665   0.0000110731  -0.0019065774  -0.0055960688   0.0000000000
23  7   0.0039423015   0.0109693336   0.0000000000   0.0007440560  -0.0013393242
23  8   0.0000000000   0.0003437323   0.0000699665  -0.0000110731   0.0058223233
23  9  -0.0001872826   0.0000000000  -0.0002228006  -0.0000565070   0.0000000000
23 10   0.0008414486  -0.0181134485   0.0000000000
24  1   0.0000000000   0.0000000000   0.0047725416   0.0000000000   0.0000000000
24  2   0.0023247212  -0.0009179279  -0.0001376338   0.0001900306   0.0009179279
24  3   0.0001376338   0.0001900306   0.0000000000   0.0000000000   0.0009303200
24  4   0.0000000000   0.0000000000  -0.0301722248   0.0000000000   0.0000000000
24  5  -0.0058367852   0.0000000000   0.0000000000   0.0386087513   0.0004356146
24  6   0.0001037570  -0.0001107082   0.0000000000   0.0000000000  -0.0014572993
24  7   0.0000000000   0.0000000000   0.0001082065   0.0000000000   0.0000000000
24  8   0.0024727555  -0.0004356146  -0.0001037570  -0.0001107082   0.0000000000
24  9   0.0000000000   0.0008587468   0.0000000000   0.0000000000   0.0000097842
24 10   0.0000000000   0.0000000000  -0.0127781627
25  1  -0.0000058186  -0.0000906460   0.0000352002  -0.0000670952   0.0007258527
25  2   0.0000027381  -0.0000026503   0.0000008562   0.0000000298   0.0000118382
25  3   0.0000042583   0.0000031875  -0.0000276983  -0.0000179389  -0.0000006474
25  4  -0.0009583212  -0.0005901052  -0.0001338881   0.0003600487  -0.0002661616
25  5  -0.0001188766   0.0013606003   0.0003437323   0.0004356146   0.1065238122
25  6  -0.0492967180   0.1065943398   0.0015433952  -0.0003123579   0.0024752275
25  7  -0.0138698027   0.0156368089  -0.0308818486  -0.0967482313   0.0428111531
25  8  -0.0999951001   0.0075574349  -0.0063617995   0.0127368142  -0.0002768786
25  9   0.0000357267   0.0009179279   0.0011155873  -0.0011680941   0.0039210461
25 10  -0.0065162205  -0.0014545670   0.0040082350
26  1  -0.0000116192   0.0000059206   0.0000043797   0.0000450349   0.0000569085
26  2   0.0000026463   0.0000008562  -0.0000122352  -0.0000033188   0.0000042583
26  3  -0.0000134114   0.0000024525  -0.0000081648   0.0000124173  -0.0000005960
26  4  -0.0000319372  -0.0000772138  -0.0000524618  -0.0000181910   0.0000032341
26  5  -0.0000190620   0.0001227365   0.0000699665   0.0001037570  -0.0492967180
26  6   0.0885610739  -0.0921867904  -0.0010792923  -0.0012255193   0.0010524282
26  7  -0.0002809088   0.0023279778  -0.0101110222   0.0426088175  -0.0864857286
26  8   0.0844647870  -0.0063617995   0.0044853482  -0.0105310425   0.0003425582
26  9   0.0001053819   0.0001376338   0.0147759014  -0.0089780788   0.0262138371
26 10  -0.0008115322   0.0011639587   0.0009223720
27  1   0.0000022514  -0.0000124820  -0.0000063619  -0.0000019287   0.0001467494
27  2  -0.0000053689  -0.0000000298   0.0000033188   0.0000003782   0.0000031875
27  3   0.0000024525  -0.0000033124  -0.0000045522  -0.0000041462  -0.0000009203
27  4  -0.0000354588  -0.0000749884   0.0000334722   0.0000856240  -0.0000613410
27  5  -0.0000055917   0.0000584886   0.0000110731  -0.0001107082   0.1065943398
27  6  -0.0921867904   0.2356008993   0.0002956688  -0.0004524597   0.0005402211
27  7   0.0010257509   0.0004590256   0.0007919077  -0.0983119363   0.0837127849
27  8  -0.2162279082  -0.0127368142   0.0105310425  -0.0215039553  -0.0001605337
27  9  -0.0001817631   0.0001900306   0.0019458105  -0.0009787012   0.0014484291
27 10   0.0012401323  -0.0009137749  -0.0007412113
28  1  -0.0021972593   0.0030712610   0.0000000000   0.0069570278  -0.0263008544
28  2   0.0000000000  -0.0009583212  -0.0000319372   0.0000354588  -0.0009583212
28  3  -0.0000319372  -0.0000354588   0.0004964163   0.0002196613   0.0000000000
28  4   0.0046962571   0.0111152804   0.0000000000  -0.0466841495   0.0039271814
28  5   0.0000000000  -0.0067922276  -0.0019065774   0.0000000000   0.0015433952
28  6  -0.0010792923   0.0002956688   0.4894184927   0.0869098571   0.0000000000
28  7  -0.1458424217  -0.0503348088   0.0000000000  -0.0107357810  -0.0464028640
28  8   0.0000000000   0.0015433952  -0.0010792923  -0.0002956688  -0.3116281689
28  9  -0.0191677004   0.0000000000  -0.0094508406  -0.0030870370   0.0000000000
28 10   0.0305925067   0.0441790598   0.0000000000
29  1  -0.0011919154   0.0023954542   0.0000000000   0.0046254035  -0.0238024314
29  2   0.0000000000  -0.0005901052  -0.0000772138   0.0000749884  -0.0005901052
29  3  -0.0000772138  -0.0000749884   0.0005547392   0.0003111524   0.0000000000
29  4   0.0111152804   0.0137771710   0.0000000000  -0.0264963968   0.0134461333
29  5   0.0000000000  -0.0190809198  -0.0055960688   0.0000000000  -0.0003123579
29  6  -0.0012255193  -0.0004524597   0.0869098571   0.4914131099   0.0000000000
29  7  -0.0414386399  -0.3225818179   0.0000000000  -0.0131899143  -0.0225103503
29  8   0.0000000000  -0.0003123579  -0.0012255193   0.0004524597  -0.0425806403
29  9  -0.0554370338   0.0000000000  -0.0037888822   0.0003093287   0.0000000000
29 10   0.0463669549  -0.0891191810   0.0000000000
30  1   0.0000000000   0.0000000000  -0.0009647870   0.0000000000   0.0000000000
30  2  -0.0001403156   0.0001338881   0.0000524618   0.0000334722  -0.0001338881
30  3  -0.0000524618   0.0000334722   0.0000000000   0.0000000000  -0.0000424374
30  4   0.0000000000   0.0000000000   0.0011277693   0.0000000000   0.0000000000
30  5   0.0072099237   0.0000000000   0.0000000000  -0.0014572993   0.0024752275
30  6   0.0010524282   0.0005402211   0.0000000000   0.0000000000   0.0485037410
30  7   0.0000000000   0.0000000000  -0.0687420480   0.0000000000   0.0000000000
30  8   0.0113962277  -0.0024752275  -0.0010524282   0.0005402211   0.0000000000
30  9   0.0000000000  -0.0301722248   0.0000000000   0.0000000000   0.0015115016
30 10   0.0000000000   0.0000000000   0.0306225621
31  1   0.0001953020   0.0005644411   0.0000000000  -0.0037941169  -0.0097935325
31  2   0.0000000000  -0.0000670952   0.0000450349   0.0000019287  -0.0000670952
31  3   0.0000450349  -0.0000019287   0.0002670601   0.0002339804   0.0000000000
31  4   0.0069570278   0.0046254035   0.0000000000  -0.0059983242   0.0053428693
31  5   0.0000000000  -0.0164929846   0.0039423015   0.0000000000  -0.0138698027
31  6  -0.0002809088   0.0010257509  -0.1458424217  -0.0414386399   0.0000000000
31  7   0.7916846172  -0.1280495173   0.0000000000  -0.1849049196  -0.0392401483
31  8   0.0000000000  -0.0138698027  -0.0002809088  -0.0010257509   0.0042548265
31  9  -0.0505225020   0.0000000000   0.0010306333   0.0033829863   0.0000000000
31 10  -0.4194829039   0.2514241058   0.0000000000
32  1   0.0012047019  -0.0033633867   0.0000000000  -0.0097935325   0.0357562211
32  2   0.0000000000   0.0007258527   0.0000569085  -0.0001467494   0.0007258527
32  3   0.0000569085   0.0001467494  -0.0009422861  -0.0005918096   0.0000000000
32  4  -0.0263008544  -0.0238024314   0.0000000000   0.0307092379  -0.0111456969
32  5   0.0000000000   0.0384213849   0.0109693336   0.0000000000   0.0156368089
32  6   0.0023279778   0.0004590256  -0.0503348088  -0.3225818179   0.0000000000
32  7  -0.1280495173   0.7525864921   0.0000000000  -0.0391222229  -0.0900384799
32  8   0.0000000000   0.0156368089   0.0023279778  -0.0004590256  -0.0441460986
32  9  -0.0236741474   0.0000000000  -0.0348352758  -0.0099874991   0.0000000000
32 10   0.2304639484  -0.3188965505   0.0000000000
33  1   0.0000000000   0.0000000000   0.0001319801   0.0000000000   0.0000000000
33  2   0.0006364434  -0.0000027381  -0.0000026463  -0.0000053689   0.0000027381
33  3   0.0000026463  -0.0000053689   0.0000000000   0.0000000000  -0.0000071174
33  4   0.0000000000   0.0000000000  -0.0001403156   0.0000000000   0.0000000000
33  5  -0.0006444873   0.0000000000   0.0000000000   0.0001082065  -0.0308818486
33  6  -0.0101110222   0.0007919077   0.0000000000   0.0000000000  -0.0687420480
33  7   0.0000000000   0.0000000000   0.2365554606   0.0000000000   0.0000000000
33  8  -0.0914034130   0.0308818486   0.0101110222   0.0007919077   0.0000000000
33  9   0.0000000000   0.0023247212   0.0000000000   0.0000000000  -0.0030407233
33 10   0.0000000000   0.0000000000  -0.0773517847
34  1  -0.0000593169  -0.0000997852   0.0000000000   0.0001953020   0.0012047019
34  2   0.0000000000  -0.0000058186  -0.0000116192  -0.0000022514  -0.0000058186
34  3  -0.0000116192   0.0000022514  -0.0000635812  -0.0000488167   0.0000000000
34  4  -0.0021972593  -0.0011919154   0.0000000000  -0.0000395486  -0.0004453932
34  5   0.0000000000   0.0037188877   0.0007440560   0.0000000000  -0.0967482313
34  6   0.0426088175  -0.0983119363  -0.0107357810  -0.0131899143   0.0000000000
34  7  -0.1849049196  -0.0391222229   0.0000000000   0.4764952806  -0.0178446272
34  8   0.0000000000  -0.0967482313   0.0426088175   0.0983119363   0.0026091240
34  9   0.0009532632   0.0000000000  -0.0505761062  -0.0244859598   0.0000000000
34 10  -0.0409339818   0.0083322171   0.0000000000
35  1  -0.0000997852   0.0003445303   0.0000000000   0.0005644411  -0.0033633867
35  2   0.0000000000  -0.0000906460   0.0000059206   0.0000124820  -0.0000906460
35  3   0.0000059206  -0.0000124820   0.0000932868   0.0000492192   0.0000000000
35  4   0.0030712610   0.0023954542   0.0000000000  -0.0034613197   0.0011612246
35  5   0.0000000000  -0.0043079360  -0.0013393242   0.0000000000   0.0428111531
35  6  -0.0864857286   0.0837127849  -0.0464028640  -0.0225103503   0.0000000000
35  7  -0.0392401483  -0.0900384799   0.0000000000  -0.0178446272   0.6090822356
35  8   0.0000000000   0.0428111531  -0.0864857286  -0.0837127849   0.0040121018
35  9  -0.0044961650   0.0000000000  -0.0165792948  -0.3239433703   0.0000000000
35 10   0.0347538700   0.0056180285   0.0000000000
36  1   0.0000000000   0.0000000000   0.0002013366   0.0000000000   0.0000000000
36  2   0.0001319801  -0.0000352002  -0.0000043797  -0.0000063619   0.0000352002
36  3   0.0000043797  -0.0000063619   0.0000000000   0.0000000000   0.0000195706
36  4   0.0000000000   0.0000000000  -0.0009647870   0.0000000000   0.0000000000
36  5  -0.0007422478   0.0000000000   0.0000000000   0.0024727555  -0.0999951001
36  6   0.0844647870  -0.2162279082   0.0000000000   0.0000000000   0.0113962277
36  7   0.0000000000   0.0000000000  -0.0914034130   0.0000000000   0.0000000000
36  8   0.5311496859   0.0999951001  -0.0844647870  -0.2162279082   0.0000000000
36  9   0.0000000000   0.0047725416   0.0000000000   0.0000000000  -0.0484496550
36 10   0.0000000000   0.0000000000   0.0238845450
37  1  -0.0000058186  -0.0000906460  -0.0000352002  -0.0000670952   0.0007258527
37  2  -0.0000027381   0.0000118382   0.0000042583  -0.0000031875  -0.0000026503
37  3   0.0000008562  -0.0000000298  -0.0000276983  -0.0000179389   0.0000006474
37  4  -0.0009583212  -0.0005901052   0.0001338881   0.0003600487  -0.0002661616
37  5   0.0001188766   0.0013606003   0.0003437323  -0.0004356146   0.0075574349
37  6  -0.0063617995  -0.0127368142   0.0015433952  -0.0003123579  -0.0024752275
37  7  -0.0138698027   0.0156368089   0.0308818486  -0.0967482313   0.0428111531
37  8   0.0999951001   0.1065238122  -0.0492967180  -0.1065943398  -0.0002768786
37  9   0.0000357267  -0.0009179279   0.0011155873  -0.0011680941  -0.0039210461
37 10  -0.0065162205  -0.0014545670  -0.0040082350
38  1  -0.0000116192   0.0000059206  -0.0000043797   0.0000450349   0.0000569085
38  2  -0.0000026463   0.0000042583  -0.0000134114  -0.0000024525   0.0000008562
38  3  -0.0000122352   0.0000033188  -0.0000081648   0.0000124173   0.0000005960
38  4  -0.0000319372  -0.0000772138   0.0000524618  -0.0000181910   0.0000032341
38  5   0.0000190620   0.0001227365   0.0000699665  -0.0001037570  -0.0063617995
38  6   0.0044853482   0.0105310425  -0.0010792923  -0.0012255193  -0.0010524282
38  7  -0.0002809088   0.0023279778   0.0101110222   0.0426088175  -0.0864857286
38  8  -0.0844647870  -0.0492967180   0.0885610739   0.0921867904   0.0003425582
38  9   0.0001053819  -0.0001376338   0.0147759014  -0.0089780788  -0.0262138371
38 10  -0.0008115322   0.0011639587  -0.0009223720
39  1  -0.0000022514   0.0000124820  -0.0000063619   0.0000019287  -0.0001467494
39  2  -0.0000053689  -0.0000031875  -0.0000024525  -0.0000033124   0.0000000298
39  3  -0.0000033188   0.0000003782   0.0000045522   0.0000041462  -0.0000009203
39  4   0.0000354588   0.0000749884   0.0000334722  -0.0000856240   0.0000613410
39  5  -0.0000055917  -0.0000584886  -0.0000110731  -0.0001107082   0.0127368142
39  6  -0.0105310425  -0.0215039553  -0.0002956688   0.0004524597   0.0005402211
39  7  -0.0010257509  -0.0004590256   0.0007919077   0.0983119363  -0.0837127849
39  8  -0.2162279082  -0.1065943398   0.0921867904   0.2356008993   0.0001605337
39  9   0.0001817631   0.0001900306  -0.0019458105   0.0009787012   0.0014484291
39 10  -0.0012401323   0.0009137749  -0.0007412113
40  1   0.0037188877  -0.0043079360   0.0000000000  -0.0164929846   0.0384213849
40  2   0.0000000000   0.0013606003   0.0001227365  -0.0000584886   0.0013606003
40  3   0.0001227365   0.0000584886  -0.0006961331  -0.0003242158   0.0000000000
40  4  -0.0067922276  -0.0190809198   0.0000000000   0.0259431883  -0.0162236146
40  5   0.0000000000   0.0142338738   0.0058223233   0.0000000000  -0.0002768786
40  6   0.0003425582  -0.0001605337  -0.3116281689  -0.0425806403   0.0000000000
40  7   0.0042548265  -0.0441460986   0.0000000000   0.0026091240   0.0040121018
40  8   0.0000000000  -0.0002768786   0.0003425582   0.0001605337   0.2985102657
40  9   0.0599739984   0.0000000000   0.0015647152   0.0009992595   0.0000000000
40 10  -0.0173928104   0.0165037676   0.0000000000
41  1   0.0007440560  -0.0013393242   0.0000000000   0.0039423015   0.0109693336
41  2   0.0000000000   0.0003437323   0.0000699665  -0.0000110731   0.0003437323
41  3   0.0000699665   0.0000110731  -0.0002228006  -0.0000565070   0.0000000000
41  4  -0.0019065774  -0.0055960688   0.0000000000   0.0008414486  -0.0181134485
41  5   0.0000000000   0.0058223233  -0.0001872826   0.0000000000   0.0000357267
41  6   0.0001053819  -0.0001817631  -0.0191677004  -0.0554370338   0.0000000000
41  7  -0.0505225020  -0.0236741474   0.0000000000   0.0009532632  -0.0044961650
41  8   0.0000000000   0.0000357267   0.0001053819   0.0001817631   0.0599739984
41  9   0.0895671827   0.0000000000  -0.0011645055   0.0000580916   0.0000000000
41 10  -0.0000522230   0.0079546728   0.0000000000
42  1   0.0000000000   0.0000000000   0.0024727555   0.0000000000   0.0000000000
42  2   0.0001082065  -0.0004356146  -0.0001037570  -0.0001107082   0.0004356146
42  3   0.0001037570  -0.0001107082   0.0000000000   0.0000000000   0.0000097842
42  4   0.0000000000   0.0000000000  -0.0014572993   0.0000000000   0.0000000000
42  5  -0.0127781627   0.0000000000   0.0000000000   0.0008587468   0.0009179279
42  6   0.0001376338   0.0001900306   0.0000000000   0.0000000000  -0.0301722248
42  7   0.0000000000   0.0000000000   0.0023247212   0.0000000000   0.0000000000
42  8   0.0047725416  -0.0009179279  -0.0001376338   0.0001900306   0.0000000000
42  9   0.0000000000   0.0386087513   0.0000000000   0.0000000000   0.0009303200
42 10   0.0000000000   0.0000000000  -0.0058367852
43  1  -0.0000635812   0.0000932868   0.0000000000   0.0002670601  -0.0009422861
43  2   0.0000000000  -0.0000276983  -0.0000081648   0.0000045522  -0.0000276983
43  3  -0.0000081648  -0.0000045522   0.0000223273   0.0000122995   0.0000000000
43  4   0.0004964163   0.0005547392   0.0000000000  -0.0011794707   0.0003352234
43  5   0.0000000000  -0.0006961331  -0.0002228006   0.0000000000   0.0011155873
43  6   0.0147759014   0.0019458105  -0.0094508406  -0.0037888822   0.0000000000
43  7   0.0010306333  -0.0348352758   0.0000000000  -0.0505761062  -0.0165792948
43  8   0.0000000000   0.0011155873   0.0147759014  -0.0019458105   0.0015647152
43  9  -0.0011645055   0.0000000000   0.0533633013   0.0251176473   0.0000000000
43 10   0.0030459003   0.0018843755   0.0000000000
44  1  -0.0000488167   0.0000492192   0.0000000000   0.0002339804  -0.0005918096
44  2   0.0000000000  -0.0000179389   0.0000124173   0.0000041462  -0.0000179389
44  3   0.0000124173  -0.0000041462   0.0000122995   0.0000044217   0.0000000000
44  4   0.0002196613   0.0003111524   0.0000000000  -0.0007406304   0.0001532245
44  5   0.0000000000  -0.0003242158  -0.0000565070   0.0000000000  -0.0011680941
44  6  -0.0089780788  -0.0009787012  -0.0030870370   0.0003093287   0.0000000000
44  7   0.0033829863  -0.0099874991   0.0000000000  -0.0244859598  -0.3239433703
44  8   0.0000000000  -0.0011680941  -0.0089780788   0.0009787012   0.0009992595
44  9   0.0000580916   0.0000000000   0.0251176473   0.3492180057   0.0000000000
44 10   0.0010928916   0.0024070653   0.0000000000
45  1   0.0000000000   0.0000000000   0.0000195706   0.0000000000   0.0000000000
45  2  -0.0000071174   0.0000006474   0.0000005960  -0.0000009203  -0.0000006474
45  3  -0.0000005960  -0.0000009203   0.0000000000   0.0000000000   0.0000035237
45  4   0.0000000000   0.0000000000  -0.0000424374   0.0000000000   0.0000000000
45  5  -0.0000348514   0.0000000000   0.0000000000   0.0000097842   0.0039210461
45  6   0.0262138371   0.0014484291   0.0000000000   0.0000000000   0.0015115016
45  7   0.0000000000   0.0000000000  -0.0030407233   0.0000000000   0.0000000000
45  8  -0.0484496550  -0.0039210461  -0.0262138371   0.0014484291   0.0000000000
45  9   0.0000000000   0.0009303200   0.0000000000   0.0000000000   0.0468213301
45 10   0.0000000000   0.0000000000  -0.0006162633
46  1  -0.0000395486  -0.0034613197   0.0000000000  -0.0059983242   0.0307092379
46  2   0.0000000000   0.0003600487  -0.0000181910  -0.0000856240   0.0003600487
46  3  -0.0000181910   0.0000856240  -0.0011794707  -0.0007406304   0.0000000000
46  4  -0.0466841495  -0.0264963968   0.0000000000   0.0153212281  -0.0105192087
46  5   0.0000000000   0.0259431883   0.0008414486   0.0000000000  -0.0065162205
46  6  -0.0008115322   0.0012401323   0.0305925067   0.0463669549   0.0000000000
46  7  -0.4194829039   0.2304639484   0.0000000000  -0.0409339818   0.0347538700
46  8   0.0000000000  -0.0065162205  -0.0008115322  -0.0012401323  -0.0173928104
46  9  -0.0000522230   0.0000000000   0.0030459003   0.0010928916   0.0000000000
46 10   0.4691207095  -0.3012991264   0.0000000000
47  1  -0.0004453932   0.0011612246   0.0000000000   0.0053428693  -0.0111456969
47  2   0.0000000000  -0.0002661616   0.0000032341   0.0000613410  -0.0002661616
47  3   0.0000032341  -0.0000613410   0.0003352234   0.0001532245   0.0000000000
47  4   0.0039271814   0.0134461333   0.0000000000  -0.0105192087   0.0025318662
47  5   0.0000000000  -0.0162236146  -0.0181134485   0.0000000000  -0.0014545670
47  6   0.0011639587  -0.0009137749   0.0441790598  -0.0891191810   0.0000000000
47  7   0.2514241058  -0.3188965505   0.0000000000   0.0083322171   0.0056180285
47  8   0.0000000000  -0.0014545670   0.0011639587   0.0009137749   0.0165037676
47  9   0.0079546728   0.0000000000   0.0018843755   0.0024070653   0.0000000000
47 10  -0.3012991264   0.4016682761   0.0000000000
48  1   0.0000000000   0.0000000000  -0.0007422478   0.0000000000   0.0000000000
48  2  -0.0006444873   0.0001188766   0.0000190620  -0.0000055917  -0.0001188766
48  3  -0.0000190620  -0.0000055917   0.0000000000   0.0000000000  -0.0000348514
48  4   0.0000000000   0.0000000000   0.0072099237   0.0000000000   0.0000000000
48  5   0.0017890565   0.0000000000   0.0000000000  -0.0127781627   0.0040082350
48  6   0.0009223720  -0.0007412113   0.0000000000   0.0000000000   0.0306225621
48  7   0.0000000000   0.0000000000  -0.0773517847   0.0000000000   0.0000000000
48  8   0.0238845450  -0.0040082350  -0.0009223720  -0.0007412113   0.0000000000
48  9   0.0000000000  -0.0058367852   0.0000000000   0.0000000000  -0.0006162633
48 10   0.0000000000   0.0000000000   0.0359921013
$end
