$hessapprox
  0.444850453518D+00  0.153664145202D-01  0.551278950733D+00  0.147069509097D-14
 -0.301751138523D-14  0.422666622839D+00 -0.906212786928D-01 -0.460108557524D-01
  0.246847514887D-14  0.621912017159D+00  0.104617497532D-01 -0.104742442042D+00
 -0.870510054133D-15 -0.555759342256D-01  0.571613393552D+00  0.118479963710D-14
 -0.332799662281D-14 -0.570571228583D-01  0.124365901493D-14 -0.682421056372D-15
  0.454283516093D+00 -0.642969373332D-01  0.121951575340D-01 -0.110334696894D-01
 -0.377098515657D-01  0.185850702165D-01 -0.601564304211D-02  0.395963875648D+00
  0.136226454714D-01 -0.760625714275D-01 -0.466440888312D-02  0.961104597896D-02
 -0.361657455132D-01 -0.318554009107D-02 -0.211393467808D-01  0.352472703687D+00
  0.273226017220D-01 -0.555059227838D-01 -0.812659895700D-01  0.565055698100D-02
  0.197156420917D-01 -0.588943347709D-01 -0.782941866423D-02  0.168858248091D-01
  0.375019673500D+00 -0.642969373332D-01  0.121951575340D-01  0.110334696894D-01
 -0.377098515657D-01  0.185850702165D-01  0.601564304211D-02 -0.945735154187D-01
 -0.335817951620D-01  0.254714065176D-01  0.395963875648D+00  0.136226454714D-01
 -0.760625714275D-01  0.466440888312D-02  0.961104597896D-02 -0.361657455132D-01
  0.318554009108D-02 -0.335817951620D-01 -0.950434944189D-01 -0.582529166626D-02
 -0.211393467808D-01  0.352472703687D+00 -0.273226017220D-01  0.555059227838D-01
 -0.812659895700D-01 -0.565055698100D-02 -0.197156420917D-01 -0.588943347709D-01
 -0.254714065176D-01  0.582529166627D-02 -0.670103098155D-01  0.782941866422D-02
 -0.168858248091D-01  0.375019673500D+00 -0.291739975986D-01 -0.101021877961D-02
  0.238425683897D-14 -0.292148218618D-01  0.415878751811D-01  0.248348410965D-14
 -0.455713983858D-01  0.927902550228D-02 -0.262610727803D-01 -0.455713983858D-01
  0.927902550228D-02  0.262610727803D-01  0.381461808383D+00 -0.155993152685D-01
 -0.208143940483D+00  0.542406297836D-15  0.173675389661D-01 -0.124195945319D-01
 -0.992460356581D-15  0.109266283385D-01 -0.380845933750D-01  0.137142668980D-01
  0.109266283385D-01 -0.380845933751D-01 -0.137142668980D-01  0.764630478618D-02
  0.402351412121D+00  0.502626137331D-15  0.147407624086D-14 -0.842345027128D-01
  0.350831290325D-16  0.131063553517D-15 -0.616104112387D-01 -0.387321018038D-02
 -0.363118888152D-01 -0.690392282336D-01  0.387321018039D-02  0.363118888152D-01
 -0.690392282336D-01 -0.374635493562D-15 -0.211902765871D-15  0.370660263637D+00
 -0.636887023564D-01 -0.276605784229D-03 -0.217679355087D-14 -0.123111010756D+00
  0.719738476713D-02 -0.176428201180D-14 -0.462554859654D-01 -0.333639597733D-02
 -0.179797782061D-01 -0.462554859654D-01 -0.333639597732D-02  0.179797782061D-01
 -0.174357835640D-01 -0.246849677517D-01  0.311339890180D-14  0.490320369616D+00
  0.261598780212D-01 -0.808972913713D-02  0.578926827452D-15 -0.106919628792D-01
 -0.107196028352D+00  0.655048970432D-15  0.158466619422D-01 -0.485745911003D-01
 -0.191066088064D-02  0.158466619422D-01 -0.485745911003D-01  0.191066088063D-02
  0.421150781746D-01 -0.505606615474D-01  0.214677980993D-14  0.215429857348D-01
  0.471428611593D+00  0.593914332716D-15  0.386776978881D-15 -0.477671728857D-01
  0.597438361884D-15  0.106362916018D-14 -0.396977372655D-01 -0.142274507753D-01
  0.344048501936D-01 -0.721609989959D-01  0.142274507753D-01 -0.344048501936D-01
 -0.721609989959D-01  0.105699039051D-14  0.887427291706D-15 -0.691268043331D-02
  0.687848929866D-16  0.251939846133D-14  0.412322222546D+00 -0.327347699199D-01
  0.165843136265D-01 -0.122079382281D-14 -0.212911379714D+00  0.842445372648D-01
 -0.504363532303D-15 -0.542822826666D-01  0.237321795209D-01 -0.236395067662D-01
 -0.542822826666D-01  0.237321795209D-01  0.236395067662D-01 -0.218948470927D-01
 -0.633780183291D-02  0.146316552444D-14  0.465590791235D-02  0.159467697093D-01
 -0.652673367394D-16  0.503130008141D+00  0.104012717156D-01 -0.457870838244D-01
  0.251625183958D-14  0.145320687969D+00 -0.127560206149D+00  0.226296637114D-14
  0.234917150013D-01 -0.301543575832D-01  0.274152705271D-02  0.234917150013D-01
 -0.301543575831D-01 -0.274152705272D-02  0.464269391486D-01 -0.142731781955D-01
  0.931378149306D-14 -0.939142444751D-02 -0.640535355314D-01 -0.388192261129D-14
 -0.908372459583D-01  0.491158898800D+00  0.463043943209D-15  0.167486413066D-15
 -0.500042745262D-01  0.503728600426D-15 -0.193645840982D-15 -0.424708447889D-01
  0.472559680274D-02 -0.342628470225D-01 -0.309855390105D-01 -0.472559680274D-02
  0.342628470225D-01 -0.309855390105D-01  0.208839578176D-15  0.746268112602D-16
 -0.916835587026D-01  0.106399541817D-14  0.419804572086D-15  0.733904355349D-02
  0.487646800652D-15  0.707268418272D-14  0.420464619397D+00 -0.177041646667D-01
 -0.232309948118D-01  0.330061537765D-14 -0.486259968073D-02 -0.270353374489D-01
  0.165345165743D-14 -0.516971594552D-02 -0.439848973382D-02  0.236770624909D-01
 -0.516971594552D-02 -0.439848973379D-02 -0.236770624909D-01 -0.277210992691D-01
  0.267427593438D-01  0.252063272308D-14 -0.208780160891D+00  0.337273634737D-02
 -0.884095249247D-15 -0.480258235304D-01  0.640756464497D-01  0.274855092313D-14
  0.396401183603D+00 -0.203630423613D-01 -0.323975013068D-01 -0.272247570020D-14
 -0.585772843505D-01 -0.300216419129D-01 -0.234177320758D-14 -0.352235810996D-02
 -0.457858385578D-01  0.246535793593D-02 -0.352235810995D-02 -0.457858385579D-01
 -0.246535793592D-02  0.537812378108D-01 -0.316421452789D-01 -0.314997690300D-14
  0.258844001009D-01 -0.369407393980D-01 -0.133372141749D-14 -0.548700867724D-01
 -0.487881073891D-01 -0.133399376446D-14  0.658692100620D-02  0.358212420362D+00
  0.306487269407D-15  0.513078214624D-15 -0.342411521818D-01  0.355372406907D-15
  0.956078497007D-15 -0.321660676839D-01 -0.104151651181D-01  0.337600373770D-01
 -0.561968264271D-01  0.104151651181D-01 -0.337600373770D-01 -0.561968264271D-01
  0.686667084709D-15  0.709881180753D-15  0.621961782654D-02  0.116391151971D-15
  0.208494478717D-14 -0.800085229932D-01  0.920001423451D-16 -0.427508053886D-14
  0.103086627433D-01 -0.134567367729D-14 -0.800941937510D-15  0.423524079627D+00
  0.179693733325D-02 -0.121951575340D-01 -0.110334696894D-01 -0.247901484344D-01
 -0.185850702165D-01 -0.601564304209D-02  0.320735154190D-01  0.335817951621D-01
 -0.254714065175D-01  0.415361243511D-01  0.211393467808D-01 -0.782941866440D-02
 -0.169286016143D-01 -0.109266283385D-01 -0.387321018040D-02 -0.162445140346D-01
 -0.158466619423D-01 -0.142274507752D-01 -0.821771733287D-02 -0.234917150015D-01
  0.472559680276D-02 -0.573302840546D-01  0.352235810993D-02 -0.104151651181D-01
  0.395963875648D+00 -0.136226454717D-01  0.135625714269D-01 -0.466440888310D-02
 -0.961104597898D-02 -0.263342544864D-01 -0.318554009106D-02  0.335817951621D-01
  0.325434944188D-01  0.582529166628D-02  0.211393467809D-01  0.850272963132D-01
  0.168858248091D-01 -0.927902550221D-02 -0.244154066250D-01 -0.363118888153D-01
  0.333639597745D-02 -0.139254088993D-01  0.344048501936D-01 -0.237321795209D-01
 -0.323456424167D-01 -0.342628470224D-01  0.439848973376D-02 -0.167141614423D-01
  0.337600373771D-01 -0.211393467808D-01  0.352472703687D+00  0.273226017220D-01
 -0.555059227838D-01  0.187659895704D-01  0.565055698095D-02  0.197156420918D-01
 -0.360566522909D-02  0.254714065178D-01 -0.582529166627D-02  0.451030981516D-02
 -0.782941866423D-02  0.168858248091D-01  0.624803265006D-01 -0.262610727803D-01
  0.137142668979D-01  0.653922823352D-02 -0.179797782060D-01 -0.191066088057D-02
  0.966099899584D-02 -0.236395067663D-01  0.274152705276D-02 -0.315144609896D-01
  0.236770624908D-01  0.246535793594D-02 -0.630317357300D-02  0.782941866438D-02
 -0.168858248091D-01  0.375019673500D+00  0.118870235655D-02  0.276605784447D-03
  0.682876400319D-14  0.606110107559D-01 -0.719738476709D-02  0.491568039842D-14
 -0.162445140345D-01  0.333639597726D-02  0.179797782061D-01 -0.162445140345D-01
  0.333639597726D-02 -0.179797782061D-01 -0.450642164359D-01  0.246849677517D-01
  0.236461173726D-15 -0.528203696154D-01 -0.215429857345D-01  0.306387829398D-14
 -0.671559079115D-01  0.939142444735D-02  0.994194238241D-15  0.146280160889D+00
 -0.258844001008D-01  0.198742132193D-14 -0.462554859656D-01 -0.333639597732D-02
  0.179797782059D-01  0.490320369616D+00 -0.261598780212D-01 -0.544102708631D-01
 -0.163081663040D-14  0.106919628789D-01  0.446960283512D-01 -0.531249839216D-15
 -0.158466619422D-01 -0.139254088994D-01  0.191066088073D-02 -0.158466619422D-01
 -0.139254088994D-01 -0.191066088072D-02 -0.421150781746D-01 -0.119393384525D-01
 -0.431446262232D-14 -0.215429857346D-01 -0.339286115930D-01  0.939845321280D-16
 -0.159467697093D-01  0.155353553159D-02 -0.330685684935D-14 -0.337273634737D-02
 -0.255592606021D-01  0.126978218112D-15  0.158466619423D-01 -0.485745911005D-01
  0.191066088070D-02  0.215429857343D-01  0.471428611593D+00 -0.107678049987D-15
  0.392268275935D-15 -0.147328271140D-01 -0.304731556755D-15 -0.503946447485D-15
 -0.228022627341D-01  0.142274507752D-01 -0.344048501936D-01  0.966099899579D-02
 -0.142274507752D-01  0.344048501936D-01  0.966099899580D-02 -0.747915345676D-15
 -0.401248336995D-15 -0.555873195664D-01  0.829507886982D-15 -0.531436041776D-15
  0.251777774536D-01  0.571834845747D-15  0.577058364388D-14 -0.698390435536D-01
  0.157262995773D-14 -0.136982094741D-15  0.175085229933D-01  0.142274507752D-01
 -0.344048501937D-01 -0.721609989959D-01 -0.142683672759D-14 -0.328181451503D-14
  0.412322222546D+00  0.281212786930D-01  0.460108557523D-01  0.246441354038D-14
 -0.184412017159D+00  0.555759342252D-01  0.249894270623D-14 -0.247901484341D-01
 -0.961104597914D-02 -0.565055698101D-02 -0.247901484341D-01 -0.961104597914D-02
  0.565055698099D-02 -0.332851781377D-01 -0.173675389663D-01  0.371130281784D-14
  0.606110107563D-01  0.106919628791D-01  0.300687741748D-14  0.150411379713D+00
 -0.145320687968D+00  0.247663250221D-14 -0.576374003192D-01  0.585772843505D-01
  0.243903482555D-14 -0.377098515655D-01  0.961104597903D-02 -0.565055698101D-02
 -0.123111010756D+00 -0.106919628790D-01  0.119077221511D-14  0.621912017158D+00
 -0.104617497530D-01  0.422424420416D-01 -0.470206600102D-15  0.555759342255D-01
 -0.134113393551D+00  0.102205030426D-14 -0.185850702166D-01 -0.263342544866D-01
 -0.197156420918D-01 -0.185850702166D-01 -0.263342544867D-01  0.197156420918D-01
 -0.415878751812D-01 -0.500804054673D-01 -0.162858359905D-14 -0.719738476729D-02
  0.446960283516D-01  0.660930910493D-15 -0.842445372648D-01  0.650602061479D-01
 -0.116126990189D-14  0.270353374490D-01 -0.324783580865D-01  0.761741175597D-15
  0.185850702166D-01 -0.361657455131D-01 -0.197156420918D-01  0.719738476727D-02
 -0.107196028351D+00 -0.804078420097D-15 -0.555759342252D-01  0.571613393550D+00
 -0.188031981796D-15  0.888938585347D-15 -0.544287714103D-02 -0.327447832633D-15
  0.547025225915D-16 -0.167835160955D-01  0.601564304206D-02  0.318554009107D-02
 -0.360566522907D-02 -0.601564304206D-02 -0.318554009107D-02 -0.360566522908D-02
 -0.513266923032D-15 -0.181122155053D-15 -0.889588761000D-03  0.656637839563D-15
  0.286189329562D-15 -0.228022627341D-01  0.578430335706D-15 -0.535197154945D-15
 -0.200291552112D-01 -0.930105126542D-15  0.296574331974D-15 -0.303339323155D-01
  0.601564304207D-02  0.318554009107D-02 -0.588943347709D-01 -0.127176850834D-14
 -0.129896521350D-14 -0.396977372654D-01  0.107487898444D-14  0.335008021762D-15
  0.454283516093D+00 -0.735045351843D-02 -0.153664145201D-01 -0.264293429438D-13
  0.281212786928D-01 -0.104617497531D-01 -0.185050537677D-13  0.179693733321D-02
 -0.136226454715D-01 -0.273226017219D-01  0.179693733322D-02 -0.136226454716D-01
  0.273226017220D-01 -0.333260024012D-01  0.155993152686D-01 -0.283162240155D-13
  0.118870235631D-02 -0.261598780215D-01 -0.156006564904D-13 -0.297652300799D-01
 -0.104012717155D-01 -0.141169297079D-13 -0.447958353331D-01  0.203630423614D-01
 -0.101756778392D-13 -0.642969373330D-01  0.136226454716D-01 -0.273226017219D-01
 -0.636887023564D-01  0.261598780216D-01 -0.199767518450D-15 -0.906212786926D-01
  0.104617497528D-01  0.219398968706D-14  0.444850453517D+00 -0.153664145201D-01
 -0.113778950729D+00  0.261236521085D-14  0.460108557523D-01  0.422424420418D-01
  0.430481472388D-14 -0.121951575341D-01  0.135625714269D-01  0.555059227837D-01
 -0.121951575341D-01  0.135625714269D-01 -0.555059227837D-01  0.101021878009D-02
  0.145643940482D+00  0.429204963077D-14  0.276605783906D-03 -0.544102708632D-01
 -0.554355074654D-14 -0.165843136266D-01 -0.167129161759D-01  0.533010874447D-14
  0.232309948118D-01 -0.301024986937D-01 -0.554823897216D-14  0.121951575340D-01
 -0.760625714273D-01  0.555059227837D-01 -0.276605784327D-03 -0.808972913725D-02
  0.517898710812D-14 -0.460108557523D-01 -0.104742442042D+00 -0.113689783151D-14
  0.153664145203D-01  0.551278950733D+00 -0.500974541091D-15  0.104798690286D-14
  0.148333771593D-01 -0.851547883263D-15 -0.251876995129D-16 -0.544287714101D-02
  0.110334696893D-01  0.466440888311D-02  0.187659895705D-01 -0.110334696893D-01
 -0.466440888311D-02  0.187659895705D-01 -0.107432111828D-14 -0.380509353589D-15
  0.217345027125D-01  0.678807786514D-15 -0.220558356754D-15 -0.147328271141D-01
  0.847619033478D-15 -0.161864827453D-14 -0.124957254737D-01 -0.176523302437D-14
  0.103392760326D-14 -0.282588478176D-01  0.110334696894D-01  0.466440888310D-02
 -0.812659895700D-01 -0.279491469903D-14 -0.119933243619D-14 -0.477671728856D-01
  0.407428299713D-15  0.511956459216D-15 -0.570571228583D-01  0.101448811944D-13
 -0.149736358728D-14  0.422666622839D+00  0.179693733325D-02 -0.121951575340D-01
  0.110334696894D-01 -0.247901484344D-01 -0.185850702165D-01  0.601564304210D-02
  0.415361243511D-01  0.211393467808D-01  0.782941866438D-02  0.320735154190D-01
  0.335817951621D-01  0.254714065175D-01 -0.169286016143D-01 -0.109266283385D-01
  0.387321018041D-02 -0.162445140346D-01 -0.158466619423D-01  0.142274507752D-01
 -0.821771733287D-02 -0.234917150015D-01 -0.472559680276D-02 -0.573302840546D-01
  0.352235810993D-02  0.104151651181D-01 -0.945735154189D-01 -0.335817951622D-01
 -0.254714065175D-01 -0.462554859656D-01  0.158466619423D-01 -0.142274507752D-01
 -0.377098515655D-01  0.185850702166D-01 -0.601564304207D-02 -0.642969373330D-01
  0.121951575340D-01 -0.110334696894D-01  0.395963875648D+00 -0.136226454717D-01
  0.135625714269D-01  0.466440888310D-02 -0.961104597898D-02 -0.263342544864D-01
  0.318554009105D-02  0.211393467809D-01  0.850272963132D-01 -0.168858248091D-01
  0.335817951621D-01  0.325434944188D-01 -0.582529166628D-02 -0.927902550221D-02
 -0.244154066250D-01  0.363118888153D-01  0.333639597745D-02 -0.139254088993D-01
 -0.344048501936D-01 -0.237321795209D-01 -0.323456424167D-01  0.342628470224D-01
  0.439848973376D-02 -0.167141614423D-01 -0.337600373771D-01 -0.335817951622D-01
 -0.950434944191D-01  0.582529166620D-02 -0.333639597732D-02 -0.485745911005D-01
  0.344048501937D-01  0.961104597903D-02 -0.361657455131D-01 -0.318554009106D-02
  0.136226454716D-01 -0.760625714273D-01 -0.466440888310D-02 -0.211393467808D-01
  0.352472703687D+00 -0.273226017220D-01  0.555059227838D-01  0.187659895704D-01
 -0.565055698095D-02 -0.197156420918D-01 -0.360566522909D-02  0.782941866423D-02
 -0.168858248091D-01  0.624803265006D-01 -0.254714065178D-01  0.582529166628D-02
  0.451030981514D-02  0.262610727803D-01 -0.137142668979D-01  0.653922823353D-02
  0.179797782060D-01  0.191066088057D-02  0.966099899585D-02  0.236395067663D-01
 -0.274152705276D-02 -0.315144609896D-01 -0.236770624908D-01 -0.246535793594D-02
 -0.630317357300D-02  0.254714065175D-01 -0.582529166620D-02 -0.670103098156D-01
 -0.179797782059D-01 -0.191066088070D-02 -0.721609989959D-01  0.565055698100D-02
  0.197156420918D-01 -0.588943347709D-01  0.273226017219D-01 -0.555059227837D-01
 -0.812659895700D-01 -0.782941866438D-02  0.168858248091D-01  0.375019673500D+00
 -0.447958353333D-01  0.232309948123D-01 -0.195617429481D-15 -0.576374003195D-01
  0.270353374488D-01  0.388507997131D-15 -0.573302840543D-01  0.439848973389D-02
 -0.236770624910D-01 -0.573302840543D-01  0.439848973388D-02  0.236770624910D-01
 -0.347789007308D-01 -0.267427593442D-01  0.833564788253D-15  0.146280160890D+00
 -0.337273634730D-02  0.109165696966D-14 -0.144741764692D-01 -0.640756464498D-01
  0.774319461630D-16  0.410988163974D-01 -0.658692100620D-02  0.905378756437D-15
 -0.516971594558D-02 -0.439848973375D-02 -0.236770624909D-01 -0.208780160891D+00
  0.337273634727D-02 -0.493335209610D-15 -0.486259968078D-02 -0.270353374488D-01
  0.175415978382D-15 -0.177041646667D-01 -0.232309948124D-01 -0.526935418676D-16
 -0.516971594558D-02 -0.439848973375D-02  0.236770624909D-01  0.396401183604D+00
  0.203630423614D-01 -0.301024986937D-01  0.174045094107D-14  0.585772843502D-01
 -0.324783580865D-01  0.287660997577D-14  0.352235810993D-02 -0.167141614422D-01
 -0.246535793605D-02  0.352235810993D-02 -0.167141614422D-01  0.246535793604D-02
 -0.537812378109D-01 -0.308578547212D-01  0.179467805429D-14 -0.258844001005D-01
 -0.255592606019D-01  0.349936928801D-14  0.548700867722D-01 -0.137118926107D-01
 -0.155915344901D-15 -0.658692100618D-02  0.792875796376D-01  0.283538857518D-14
 -0.352235811000D-02 -0.457858385578D-01 -0.246535793605D-02  0.258844001008D-01
 -0.369407393979D-01 -0.160916213193D-14 -0.585772843502D-01 -0.300216419129D-01
 -0.100754703140D-15 -0.203630423614D-01 -0.323975013068D-01 -0.902887364948D-15
 -0.352235811000D-02 -0.457858385578D-01  0.246535793605D-02  0.658692100642D-02
  0.358212420362D+00  0.846620501575D-16  0.464584514186D-15 -0.282588478177D-01
  0.265784917088D-16 -0.368834388437D-15 -0.303339323154D-01  0.104151651182D-01
 -0.337600373771D-01 -0.630317357298D-02 -0.104151651182D-01  0.337600373771D-01
 -0.630317357298D-02 -0.372086954452D-15 -0.249982358226D-15 -0.687196178264D-01
  0.118860121233D-14 -0.225125118779D-15  0.175085229933D-01  0.710966820051D-15
  0.616096880125D-14 -0.728086627432D-01  0.181610881694D-14 -0.536179836488D-15
  0.139759203721D-01  0.104151651181D-01 -0.337600373771D-01 -0.561968264270D-01
 -0.756816451380D-15 -0.318483218040D-14 -0.800085229934D-01  0.166866952768D-14
 -0.930272060823D-15 -0.321660676839D-01 -0.553012281694D-14  0.498678798808D-14
 -0.342411521819D-01 -0.104151651181D-01  0.337600373771D-01 -0.561968264270D-01
 -0.892002982549D-16 -0.107816885163D-14  0.423524079627D+00 -0.333260024012D-01
  0.101021877942D-02 -0.154853438468D-15 -0.332851781379D-01 -0.415878751809D-01
 -0.945256164083D-15 -0.169286016142D-01 -0.927902550221D-02  0.262610727800D-01
 -0.169286016143D-01 -0.927902550220D-02 -0.262610727800D-01  0.560381916156D-01
 -0.764630478598D-02  0.200969095727D-14 -0.450642164359D-01 -0.421150781746D-01
 -0.330822516480D-15 -0.406051529068D-01 -0.464269391490D-01  0.151457010903D-14
 -0.347789007308D-01 -0.537812378108D-01 -0.398773567064D-15 -0.455713983857D-01
  0.927902550220D-02  0.262610727800D-01 -0.174357835641D-01  0.421150781748D-01
  0.130880376471D-14 -0.292148218617D-01  0.415878751811D-01  0.261227396097D-15
 -0.291739975982D-01 -0.101021877960D-02  0.130686056449D-15 -0.455713983857D-01
  0.927902550220D-02 -0.262610727800D-01 -0.277210992691D-01  0.537812378106D-01
  0.137128349855D-14  0.381461808383D+00  0.155993152686D-01  0.145643940482D+00
 -0.197729326752D-14 -0.173675389663D-01 -0.500804054678D-01  0.129812456496D-14
 -0.109266283384D-01 -0.244154066250D-01 -0.137142668980D-01 -0.109266283384D-01
 -0.244154066250D-01  0.137142668980D-01 -0.764630478629D-02  0.351485878792D-01
 -0.125818553470D-14  0.246849677516D-01 -0.119393384523D-01  0.663314313569D-15
  0.633780183283D-02 -0.482268218043D-01 -0.129693253020D-14 -0.267427593438D-01
 -0.308578547211D-01  0.882519918787D-15  0.109266283385D-01 -0.380845933750D-01
 -0.137142668979D-01 -0.246849677516D-01 -0.505606615475D-01 -0.654770083616D-15
  0.173675389662D-01 -0.124195945320D-01  0.683722091567D-15 -0.155993152687D-01
 -0.208143940484D+00  0.104229647318D-14  0.109266283385D-01 -0.380845933750D-01
  0.137142668979D-01  0.267427593441D-01 -0.316421452787D-01 -0.846526199944D-15
  0.764630478609D-02  0.402351412122D+00 -0.580801256092D-15  0.117439437487D-14
  0.217345027125D-01 -0.907508039356D-15  0.513574258906D-15 -0.889588760985D-03
  0.387321018035D-02  0.363118888153D-01  0.653922823361D-02 -0.387321018035D-02
 -0.363118888153D-01  0.653922823359D-02 -0.840057972906D-15 -0.101178811507D-15
  0.668397363636D-01  0.248880769935D-15  0.571281650647D-15 -0.555873195667D-01
  0.642848227411D-15 -0.689197730920D-14  0.291835587021D-01 -0.364616028937D-14
  0.128806689382D-14 -0.687196178263D-01  0.387321018041D-02  0.363118888153D-01
 -0.690392282337D-01 -0.231215180899D-14  0.393221293828D-15 -0.691268043331D-02
  0.400621680267D-15  0.140357466938D-14 -0.616104112386D-01  0.118292081766D-13
 -0.652286394921D-14 -0.842345027127D-01 -0.387321018041D-02 -0.363118888153D-01
 -0.690392282337D-01  0.329134096815D-15  0.482446564906D-15  0.621961782652D-02
 -0.758997643806D-15  0.206888739637D-14  0.370660263637D+00 -0.297652300800D-01
 -0.165843136271D-01  0.457543798225D-14  0.150411379714D+00 -0.842445372648D-01
  0.267583670850D-14 -0.821771733345D-02 -0.237321795208D-01  0.236395067663D-01
 -0.821771733345D-02 -0.237321795208D-01 -0.236395067663D-01 -0.406051529068D-01
  0.633780183321D-02  0.737131074707D-15 -0.671559079120D-01 -0.159467697094D-01
  0.205956231313D-14 -0.656300081421D-01  0.908372459581D-01  0.959850989963D-15
 -0.144741764689D-01  0.548700867723D-01  0.110144614922D-14 -0.542822826667D-01
  0.237321795209D-01  0.236395067663D-01  0.465590791224D-02  0.159467697093D-01
 -0.120231922901D-14 -0.212911379714D+00  0.842445372647D-01 -0.138463096914D-14
 -0.327347699198D-01  0.165843136271D-01 -0.283728671697D-14 -0.542822826667D-01
  0.237321795209D-01 -0.236395067663D-01 -0.480258235313D-01 -0.548700867722D-01
 -0.538419396699D-15 -0.218948470929D-01 -0.633780183292D-02 -0.272786921925D-14
  0.503130008141D+00 -0.104012717155D-01 -0.167129161757D-01 -0.221986668437D-14
 -0.145320687968D+00  0.650602061481D-01 -0.826108722538D-15 -0.234917150015D-01
 -0.323456424166D-01 -0.274152705257D-02 -0.234917150015D-01 -0.323456424166D-01
  0.274152705258D-02 -0.464269391488D-01 -0.482268218043D-01 -0.305022256329D-14
  0.939142444731D-02  0.155353553110D-02 -0.585775281729D-15  0.908372459585D-01
 -0.536588987992D-01 -0.148643118366D-14 -0.640756464497D-01 -0.137118926102D-01
 -0.249536224056D-15  0.234917150016D-01 -0.301543575832D-01 -0.274152705258D-02
 -0.939142444735D-02 -0.640535355313D-01 -0.556131729342D-15  0.145320687968D+00
 -0.127560206148D+00  0.155979497519D-15  0.104012717155D-01 -0.457870838243D-01
  0.798347896227D-15  0.234917150016D-01 -0.301543575832D-01  0.274152705258D-02
  0.640756464495D-01 -0.487881073892D-01 -0.890784377790D-15  0.464269391489D-01
 -0.142731781952D-01  0.137532037884D-14 -0.908372459584D-01  0.491158898798D+00
 -0.552100887051D-16 -0.231993901542D-15 -0.124957254736D-01  0.284506229975D-15
  0.603195051493D-15 -0.200291552112D-01 -0.472559680276D-02  0.342628470225D-01
 -0.315144609897D-01  0.472559680276D-02 -0.342628470225D-01 -0.315144609896D-01
  0.583475543630D-15  0.748732178233D-15  0.291835587023D-01 -0.138842450321D-14
  0.105454013817D-14 -0.698390435535D-01 -0.890911735415D-15 -0.540210783664D-14
  0.170353806041D-01 -0.164750458860D-14  0.202615139883D-15 -0.728086627434D-01
 -0.472559680275D-02  0.342628470224D-01 -0.309855390104D-01  0.186702300752D-14
  0.632231561407D-15  0.733904355340D-02  0.122490169724D-14  0.116887202075D-14
 -0.424708447889D-01 -0.160592057206D-14 -0.485004690211D-14 -0.500042745265D-01
  0.472559680276D-02 -0.342628470224D-01 -0.309855390104D-01  0.109507105066D-15
  0.170174331779D-14  0.103086627432D-01 -0.102100692174D-14  0.969243358945D-15
 -0.916835587025D-01  0.808419751320D-15  0.560123773412D-15  0.420464619397D+00
$end
