$vibrational normal modes
 1  1   0.0116034018   0.1972213754  -0.1187509696   0.0561257496   0.0293277847
 1  2   0.0529409598   0.0000000000  -0.0000000000  -0.0000000000  -0.0000000000
 1  3   0.0000000000  -0.0363118836   0.0678221468   0.2562107672  -0.0044362897
 1  4  -0.0005060292   0.0000000000  -0.0000000000   0.2087935953   0.2533082542
 1  5  -0.2245989575   0.2191296195  -0.0000000000   0.0344987401  -0.0369458319
 1  6   0.0000000000  -0.0000000000  -0.0000000000  -0.0025245337  -0.0130281830
 1  7   0.0919639843  -0.1004912286  -0.0516959434  -0.0153148502   0.0148102253
 1  8  -0.0000000000   0.0000000000   0.0197468506   0.0473550709   0.0415483288
 1  9  -0.0012230902   0.0026961336  -0.0357658482   0.0358126078   0.0000000000
 1 10   0.0000000000   0.0090021637   0.0090040477
 2  1   0.0198665144  -0.1923137773   0.1252149826   0.2994704978  -0.0114847926
 2  2   0.0906417234   0.0000000000  -0.0000000000  -0.0000000000  -0.0000000000
 2  3   0.0000000000  -0.1309319808  -0.2197508583   0.0149233919   0.1343022375
 2  4   0.0976687510  -0.0000000000   0.0000000000   0.0428080352   0.0572266269
 2  5  -0.0561947780   0.0603610134   0.0000000000  -0.1163981919   0.1160055303
 2  6   0.0000000000   0.0000000000   0.0000000000   0.0509662438   0.0369360693
 2  7   0.0239780854  -0.0263854992  -0.0442287810  -0.0429740776  -0.0266449231
 2  8  -0.0000000000  -0.0000000000  -0.0061572673   0.0031294631  -0.0141132914
 2  9   0.0044173208   0.0014286317   0.0047306230  -0.0045861506   0.0000000000
 2 10   0.0000000000  -0.0647660453  -0.0647878174
 3  1  -0.0752272796   0.0357500281  -0.0446591333   0.1693748694   0.0321491607
 3  2  -0.3375198069   0.0805303397  -0.0234286998   0.1641572281   0.1641965642
 3  3   0.1758331231   0.0000000000  -0.0000000000   0.0000000000   0.0000000000
 3  4   0.0000000000  -0.0158289319   0.0203469796   0.0000000000  -0.0000000000
 3  5  -0.0000000000  -0.0000000000  -0.0150763324  -0.0000000000   0.0000000000
 3  6  -0.0006501949  -0.1182473056  -0.1189246551   0.0000000000   0.0000000000
 3  7  -0.0000000000   0.0000000000   0.0000000000   0.0000000000   0.0000000000
 3  8  -0.0375388408  -0.0374043983  -0.0000000000   0.0000000000   0.0000000000
 3  9  -0.0000000000  -0.0000000000  -0.0000000000   0.0000000000  -0.0644075004
 3 10  -0.0644083310  -0.0000000000  -0.0000000000
 4  1   0.0129469322   0.1794296983  -0.1004618884   0.0762743684   0.0490933107
 4  2   0.0590708678   0.0000000000  -0.0000000000  -0.0000000000  -0.0000000000
 4  3   0.0000000000  -0.1014098575  -0.0051237189   0.2087907369   0.0505752147
 4  4   0.0427229635  -0.0000000000   0.0000000000   0.0806539703   0.0813584688
 4  5   0.1433845946  -0.1486666313   0.0000000000  -0.0220368573   0.0255690522
 4  6  -0.0000000000   0.0000000000   0.0000000000  -0.1369776789  -0.1407764051
 4  7  -0.0185538677   0.0187023390   0.0612941358  -0.0132158002  -0.0462578143
 4  8  -0.0000000000  -0.0000000000  -0.0259902849  -0.2893322875  -0.3247693464
 4  9   0.0067746141  -0.0034526107   0.0006181550  -0.0006306104  -0.0000000000
 4 10  -0.0000000000   0.0015436663   0.0014921361
 5  1   0.0149156521  -0.1267520699   0.0578203584   0.2252235428  -0.0843200642
 5  2   0.0680532268   0.0000000000  -0.0000000000  -0.0000000000  -0.0000000000
 5  3  -0.0000000000   0.1183577324   0.0319455646   0.1299921669  -0.0925569154
 5  4  -0.1089298963   0.0000000000  -0.0000000000   0.0254812702   0.0379571929
 5  5   0.0067063561   0.0063827495   0.0000000000  -0.0187180296   0.0124111215
 5  6   0.0000000000   0.0000000000   0.0000000000  -0.1822396250  -0.1294599243
 5  7  -0.0040529450   0.0194644205   0.1165095602   0.0567075610  -0.0448465767
 5  8   0.0000000000   0.0000000000  -0.1183060399   0.1491737346   0.2991183354
 5  9  -0.0209096125   0.0006394994   0.0010078249  -0.0012832095   0.0000000000
 5 10  -0.0000000000  -0.0018204597  -0.0017053084
 6  1  -0.1073033555  -0.0101118717  -0.0820076543   0.1151789318   0.0395759137
 6  2  -0.2192169539  -0.0135574838   0.0228544350  -0.0049361055   0.0040287043
 6  3  -0.0940823562   0.0000000000  -0.0000000000   0.0000000000  -0.0000000000
 6  4  -0.0000000000  -0.2218334408   0.2281139251   0.0000000000   0.0000000000
 6  5  -0.0000000000  -0.0000000000   0.0029655286   0.0000000000  -0.0000000000
 6  6  -0.0287736267   0.1475540886   0.1423342319   0.0000000000  -0.0000000000
 6  7   0.0000000000   0.0000000000   0.0000000000   0.0000000000   0.0000000000
 6  8  -0.0176889719  -0.0177146983  -0.0000000000   0.0000000000   0.0000000000
 6  9  -0.0000000000  -0.0000000000   0.0000000000  -0.0000000000  -0.0008660569
 6 10  -0.0008729043  -0.0000000000  -0.0000000000
 7  1  -0.0146132550   0.2259758104  -0.0451342983   0.1079596117   0.0349122156
 7  2   0.0000624045   0.1628338821  -0.1439407641  -0.0003685727   0.0381651294
 7  3   0.1006681031  -0.1169060952  -0.0203405032   0.2208220212   0.1336864965
 7  4   0.1422509628   0.3718041022  -0.3835148487   0.1929475704   0.2428027891
 7  5  -0.2611201224   0.2487075367   0.0416159009   0.2207158253  -0.2222533814
 7  6  -0.0142173947   0.4234882593   0.4212393487   0.1521428505   0.1866787806
 7  7  -0.3286332200   0.3546566974   0.0144796706  -0.1192211388  -0.1881204995
 7  8  -0.1472877188  -0.1475700295  -0.1483674229   0.0723327715   0.1149732283
 7  9   0.0015027718  -0.0034792264   0.1988315798  -0.1987846823  -0.2293375607
 7 10  -0.2293461483  -0.0868003137  -0.0866665313
 8  1   0.1951388273  -0.2880436899   0.0322823830   0.3341090190   0.0538555248
 8  2   0.0528617500  -0.2973196128   0.3226182602   0.2963256547   0.2221886106
 8  3   0.2386894425  -0.2266725543  -0.3262043882  -0.0253761259   0.3130942511
 8  4   0.2837621503   0.1367577594  -0.1366508745   0.0297979287   0.0525276002
 8  5  -0.0970834277   0.0884193252   0.0001698338   0.2381648229  -0.2398759118
 8  6  -0.0090089773   0.0607252024   0.0582406567  -0.0422399578  -0.0001861152
 8  7  -0.1045309266   0.1200720655   0.2442539888   0.3249438256   0.2758672326
 8  8  -0.3070562361  -0.3070050868   0.1415921403  -0.0606434736  -0.0494284557
 8  9  -0.0056751585   0.0068996671  -0.1739409634   0.1740331672   0.1969993023
 8 10   0.1969953851   0.0659169708   0.0659077090
 9  1  -0.1736721619   0.0975840167   0.0409033897   0.1817755420   0.0040304717
 9  2  -0.3490022691   0.3163984712  -0.2612428590   0.0193316884   0.0790821811
 9  3   0.1164604469   0.0009585393   0.0015617153  -0.0004636444  -0.0080896833
 9  4  -0.0091269002   0.1331789314  -0.1355779271  -0.0032621531  -0.0043811103
 9  5   0.0026039376  -0.0006526573   0.0105310773  -0.0594464615   0.0604777858
 9  6  -0.0047401207   0.1067034497   0.1060455456   0.1196412037   0.1188263478
 9  7  -0.1639334434   0.1744883452  -0.0939295179  -0.2238028445  -0.2498042496
 9  8   0.0394249151   0.0393675870  -0.1620025380   0.0464024801   0.0662837050
 9  9  -0.0139789578   0.0118453053  -0.3718742340   0.3717683130   0.3955169531
 9 10   0.3955140149   0.1623037556   0.1622171063
10  1   0.0406915475   0.1304412982  -0.1532789111   0.0473549536   0.0659876467
10  2   0.1189207920  -0.1628338821   0.1439407641   0.0003685727  -0.0381651294
10  3  -0.1006681031  -0.1169060952  -0.0203405032   0.2208220212   0.1336864965
10  4   0.1422509628  -0.3718041022   0.3835148487   0.1929475704   0.2428027891
10  5  -0.2611201224   0.2487075367  -0.0416159009   0.2207158253  -0.2222533814
10  6   0.0142173947  -0.4234882593  -0.4212393487   0.1521428505   0.1866787806
10  7  -0.3286332200   0.3546566974   0.0144796706  -0.1192211388  -0.1881204995
10  8   0.1472877188   0.1475700295  -0.1483674229   0.0723327715   0.1149732283
10  9   0.0015027718  -0.0034792264   0.1988315798  -0.1987846823   0.2293375607
10 10   0.2293461483  -0.0868003137  -0.0866665313
11  1  -0.1520500025  -0.1410229347   0.2638290407   0.3151580855  -0.0274558689
11  2   0.1437326430   0.2973196128  -0.3226182602  -0.2963256547  -0.2221886106
11  3  -0.2386894425  -0.2266725543  -0.3262043882  -0.0253761259   0.3130942511
11  4   0.2837621503  -0.1367577594   0.1366508745   0.0297979287   0.0525276002
11  5  -0.0970834277   0.0884193252  -0.0001698338   0.2381648229  -0.2398759118
11  6   0.0090089773  -0.0607252024  -0.0582406567  -0.0422399578  -0.0001861152
11  7  -0.1045309266   0.1200720655   0.2442539888   0.3249438256   0.2758672326
11  8   0.3070562361   0.3070050868   0.1415921403  -0.0606434736  -0.0494284557
11  9  -0.0056751585   0.0068996671  -0.1739409634   0.1740331672  -0.1969993023
11 10  -0.1969953851   0.0659169708   0.0659077090
12  1  -0.1736721619   0.0975840167   0.0409033897   0.1817755420   0.0040304717
12  2  -0.3490022691   0.3163984712  -0.2612428590   0.0193316884   0.0790821811
12  3   0.1164604469  -0.0009585393  -0.0015617153   0.0004636444   0.0080896833
12  4   0.0091269002   0.1331789314  -0.1355779271   0.0032621531   0.0043811103
12  5  -0.0026039376   0.0006526573   0.0105310773   0.0594464615  -0.0604777858
12  6  -0.0047401207   0.1067034497   0.1060455456  -0.1196412037  -0.1188263478
12  7   0.1639334434  -0.1744883452   0.0939295179   0.2238028445   0.2498042496
12  8   0.0394249151   0.0393675870   0.1620025380  -0.0464024801  -0.0662837050
12  9   0.0139789578  -0.0118453053   0.3718742340  -0.3717683130   0.3955169531
12 10   0.3955140149  -0.1623037556  -0.1622171063
13  1   0.0079067988   0.2461735755  -0.1690717325   0.0006886363  -0.0250552833
13  2   0.0360750688  -0.0000000000  -0.0000000000  -0.0000000000  -0.0000000000
13  3  -0.0000000000   0.1703837955   0.2984482660   0.3474132563  -0.3636196537
13  4  -0.3654592877   0.0000000000  -0.0000000000   0.2670867049   0.3066990317
13  5  -0.2749280543   0.2932422989   0.0000000000  -0.5029036593   0.4984941750
13  6   0.0000000000   0.0000000000   0.0000000000   0.3487166484   0.3415156899
13  7  -0.2891811719   0.3173823999   0.2307359183   0.3063000703   0.2782805966
13  8   0.0000000000  -0.0000000000   0.1806380373  -0.1618563386  -0.2299037432
13  9   0.0084652050   0.0004809202   0.0186770684  -0.0185462355  -0.0000000000
13 10  -0.0000000000   0.0547860776   0.0547654066
14  1   0.0201813952  -0.1964835813   0.1295013623   0.3041926940  -0.0068523811
14  2   0.0920783791   0.0000000000  -0.0000000000  -0.0000000000  -0.0000000000
14  3   0.0000000000  -0.1485445410  -0.2392875725   0.0073044993   0.1663462896
14  4   0.1307454244  -0.0000000000  -0.0000000000   0.0408159438   0.0565020384
14  5  -0.0610321852   0.0631523461   0.0000000000  -0.0627834125   0.0624043031
14  6   0.0000000000   0.0000000000   0.0000000000   0.0200988601   0.0081123135
14  7   0.0542052633  -0.0589013094  -0.0595128372  -0.0581339004  -0.0394592833
14  8  -0.0000000000   0.0000000000  -0.0165614043   0.0311104742   0.0273490989
14  9  -0.0065328867  -0.0236053690   0.2853887971  -0.2864939193  -0.0000000000
14 10  -0.0000000000   0.6449872075   0.6451099902
15  1   0.1355590646  -0.0497288980  -0.1815004718   0.1842159899   0.0805650475
15  2  -0.3996798699  -0.2418663153   0.3281020288   0.4997247633   0.4387512860
15  3   0.4633683825   0.0000000000  -0.0000000000   0.0000000000  -0.0000000000
15  4   0.0000000000   0.2404735561  -0.2406571224  -0.0000000000   0.0000000000
15  5  -0.0000000000  -0.0000000000   0.0229033641   0.0000000000   0.0000000000
15  6  -0.0147289012   0.2583169277   0.2563769248  -0.0000000000  -0.0000000000
15  7  -0.0000000000  -0.0000000000  -0.0000000000  -0.0000000000  -0.0000000000
15  8   0.5129336073   0.5127602282   0.0000000000  -0.0000000000  -0.0000000000
15  9   0.0000000000   0.0000000000  -0.0000000000   0.0000000000  -0.0131904876
15 10  -0.0132036737   0.0000000000  -0.0000000000
16  1   0.0174021611   0.1204314073  -0.0398141748   0.1430884224   0.1146370057
16  2   0.0793980183   0.0000000000  -0.0000000000  -0.0000000000  -0.0000000000
16  3   0.0000000000  -0.2779270514  -0.1334590860   0.1551820914  -0.1387803424
16  4  -0.1771991129  -0.0000000000   0.0000000000  -0.1694554379  -0.1580683138
16  5   0.0141862129   0.0044325117  -0.0000000000   0.0262927936  -0.0271635486
16  6   0.0000000000  -0.0000000000  -0.0000000000   0.0168876302   0.0003311031
16  7  -0.0171949247   0.0059864566  -0.0457497296  -0.0195154955   0.0211955736
16  8  -0.0000000000   0.0000000000   0.0444499572   0.0232965597   0.0270870876
16  9  -0.0460981186  -0.0436236492  -0.0016908697  -0.0009795138   0.0000000000
16 10   0.0000000000  -0.0009444451  -0.0008111838
17  1   0.0142706714  -0.1182109252   0.0490404278   0.2155509150  -0.0938087829
17  2   0.0651104783   0.0000000000  -0.0000000000  -0.0000000000  -0.0000000000
17  3  -0.0000000000   0.1586292320   0.0569301748   0.1065439197  -0.0645050218
17  4  -0.0724694818   0.0000000000  -0.0000000000   0.1231941781   0.1074826900
17  5   0.1789480483  -0.2117366211  -0.0000000000   0.0608849351  -0.0558684870
17  6  -0.0000000000  -0.0000000000  -0.0000000000   0.1508738114   0.1221795496
17  7   0.0244577346  -0.0231126137  -0.0226487972  -0.0040224885   0.0069529491
17  8  -0.0000000000  -0.0000000000   0.0099490189  -0.0296688410  -0.0647374092
17  9  -0.0050819784  -0.0112934872  -0.0004433705  -0.0001474143   0.0000000000
17 10   0.0000000000   0.0001638436   0.0001525332
18  1  -0.3589032332   0.0886864755   0.0781364400   0.0946132598  -0.0174024180
18  2  -0.1390465242  -0.0257816597   0.0600197168   0.0428730353  -0.3105753477
18  3  -0.1583195459  -0.0000000000   0.0000000000   0.0000000000   0.0000000000
18  4  -0.0000000000   0.0639280150  -0.0754655459  -0.0000000000  -0.0000000000
18  5   0.0000000000   0.0000000000   0.0337298875   0.0000000000  -0.0000000000
18  6   0.0409584691  -0.0256795476  -0.0151166790  -0.0000000000   0.0000000000
18  7  -0.0000000000  -0.0000000000  -0.0000000000   0.0000000000  -0.0000000000
18  8   0.0021464430   0.0019642461   0.0000000000  -0.0000000000  -0.0000000000
18  9   0.0000000000   0.0000000000  -0.0000000000  -0.0000000000   0.0000650329
18 10   0.0000840052   0.0000000000   0.0000000000
19  1   0.0101283421   0.2167548283  -0.1388305216   0.0340046144   0.0076272464
19  2   0.0462109439  -0.0000000000  -0.0000000000  -0.0000000000  -0.0000000000
19  3   0.0000000000   0.0293345250   0.0799467724   0.2242143483   0.1495231969
19  4   0.1648633712  -0.0000000000   0.0000000000  -0.1275287592  -0.1302235445
19  5   0.1170673575  -0.1087401810   0.0000000000  -0.0316049980   0.0357199988
19  6   0.0000000000   0.0000000000   0.0000000000   0.0625866599   0.0613196168
19  7   0.0170761213  -0.0098379822   0.0168251542   0.0287820154   0.0115174275
19  8   0.0000000000   0.0000000000  -0.0167087916   0.1377867304   0.1928590557
19  9  -0.0091730685   0.0016259665   0.0001788529  -0.0002866617  -0.0000000000
19 10   0.0000000000  -0.0004710378  -0.0004753115
20  1   0.0118041614  -0.0855482098   0.0154645568   0.1785612261  -0.1300951739
20  2   0.0538569331   0.0000000000  -0.0000000000  -0.0000000000  -0.0000000000
20  3  -0.0000000000   0.2747218105   0.1320156224   0.1239243039   0.0192204084
20  4   0.0311509656  -0.0000000000   0.0000000000  -0.2005959443  -0.2053525258
20  5  -0.1319698783   0.1675456885  -0.0000000000   0.0149316809  -0.0173386410
20  6  -0.0000000000  -0.0000000000  -0.0000000000  -0.0279442782  -0.0244360269
20  7  -0.0091717314   0.0089859064  -0.0257182575  -0.0357612430  -0.0016593058
20  8  -0.0000000000  -0.0000000000   0.0477518999  -0.1043909204  -0.1670679212
20  9   0.0076762208  -0.0008589344  -0.0003103926   0.0003878152   0.0000000000
20 10   0.0000000000   0.0006359824   0.0005608958
21  1   0.0842789499  -0.1285989824  -0.2466944399   0.0926758419   0.0938331106
21  2  -0.2002863879  -0.0463237686  -0.0037060333  -0.1903967320   0.1599423040
21  3  -0.2232590972   0.0000000000  -0.0000000000  -0.0000000000  -0.0000000000
21  4   0.0000000000   0.0709023463  -0.0846929969  -0.0000000000  -0.0000000000
21  5   0.0000000000   0.0000000000  -0.0085925195  -0.0000000000   0.0000000000
21  6   0.0270225491  -0.0276691680  -0.0242835504   0.0000000000  -0.0000000000
21  7   0.0000000000   0.0000000000   0.0000000000  -0.0000000000   0.0000000000
21  8   0.0015268689   0.0012575287  -0.0000000000  -0.0000000000  -0.0000000000
21  9   0.0000000000   0.0000000000   0.0000000000  -0.0000000000  -0.0000967774
21 10  -0.0000993843   0.0000000000   0.0000000000
22  1   0.0181277858   0.1108223350  -0.0299364604   0.1539704507   0.1253121302
22  2   0.0827087085   0.0000000000  -0.0000000000  -0.0000000000  -0.0000000000
22  3   0.0000000000  -0.2908163351  -0.1554976612   0.1959424735  -0.1768633650
22  4  -0.2263032363  -0.0000000000   0.0000000000  -0.2499450765  -0.2042270391
22  5  -0.0147735816   0.0253575917  -0.0000000000   0.0476646286  -0.0542352979
22  6   0.0000000000  -0.0000000000  -0.0000000000   0.1095484809   0.1393143242
22  7   0.0735653445  -0.0411583212   0.0850476641   0.0636851950  -0.0465544950
22  8   0.0000000000   0.0000000000  -0.1397499526   0.0257477181  -0.1163122444
22  9   0.6847499724   0.6821165733   0.0264860250   0.0148589992  -0.0000000000
22 10  -0.0000000000   0.0156992932   0.0139136631
23  1   0.0108960557  -0.0735226357   0.0031027822   0.1649425714  -0.1434548924
23  2   0.0497136664   0.0000000000  -0.0000000000  -0.0000000000  -0.0000000000
23  3  -0.0000000000   0.1128690571   0.1305012392   0.1209279523   0.0396111903
23  4   0.0917644746  -0.0000000000  -0.0000000000   0.3678255615   0.2576928525
23  5   0.3573357910  -0.3338836126   0.0000000000  -0.0416623121   0.0491207454
23  6   0.0000000000   0.0000000000   0.0000000000  -0.4529639495  -0.4566818321
23  7  -0.3252080252   0.2013565043  -0.5225806884  -0.2258077054   0.2556048254
23  8  -0.0000000000   0.0000000000   0.5396476623   0.5572451240   0.3547581766
23  9   0.1665693083   0.1780559056   0.0060771637   0.0045281682  -0.0000000000
23 10  -0.0000000000   0.0041106157   0.0040943373
24  1  -0.3697748942   0.0527712878   0.0453480441   0.0582721185  -0.0097658406
24  2  -0.0612857165  -0.0444693519   0.0395359951  -0.0940675299  -0.2105357104
24  3  -0.0962899618  -0.0000000000   0.0000000000   0.0000000000   0.0000000000
24  4   0.0000000000   0.1850478279  -0.0921373141  -0.0000000000  -0.0000000000
24  5   0.0000000000  -0.0000000000  -0.7030947147  -0.0000000000   0.0000000000
24  6  -0.7042267897   0.0852158685  -0.1220250752  -0.0000000000   0.0000000000
24  7  -0.0000000000  -0.0000000000  -0.0000000000  -0.0000000000  -0.0000000000
24  8   0.0103467534   0.0141746802  -0.0000000000   0.0000000000  -0.0000000000
24  9  -0.0000000000   0.0000000000   0.0000000000   0.0000000000   0.0008468766
24 10   0.0003225779   0.0000000000  -0.0000000000
25  1  -0.0111083184   0.1795617498   0.0025773659   0.1605223470   0.0864755572
25  2   0.0160538100  -0.1628338821  -0.1439407641   0.0003685727  -0.0381651294
25  3   0.1006681031   0.1169060952  -0.0203405032  -0.2208220212  -0.1336864965
25  4   0.1422509628  -0.3718041022  -0.3835148487  -0.1929475704   0.2428027891
25  5   0.2611201224   0.2487075367   0.0416159009  -0.2207158253  -0.2222533814
25  6   0.0142173947   0.4234882593  -0.4212393487  -0.1521428505   0.1866787806
25  7  -0.3286332200  -0.3546566974   0.0144796706   0.1192211388  -0.1881204995
25  8  -0.1472877188   0.1475700295   0.1483674229  -0.0723327715   0.1149732283
25  9  -0.0015027718  -0.0034792264   0.1988315798   0.1987846823  -0.2293375607
25 10   0.2293461483   0.0868003137  -0.0866665313
26  1   0.1693902582   0.0529312852  -0.3182252719  -0.0520364101  -0.3249479860
26  2  -0.0646170706   0.2973196128   0.3226182602  -0.2963256547  -0.2221886106
26  3   0.2386894425   0.2266725543  -0.3262043882   0.0253761259  -0.3130942511
26  4   0.2837621503  -0.1367577594  -0.1366508745  -0.0297979287   0.0525276002
26  5   0.0970834277   0.0884193252   0.0001698338  -0.2381648229  -0.2398759118
26  6   0.0090089773   0.0607252024  -0.0582406567   0.0422399578  -0.0001861152
26  7  -0.1045309266  -0.1200720655   0.2442539888  -0.3249438256   0.2758672326
26  8  -0.3070562361   0.3070050868  -0.1415921403   0.0606434736  -0.0494284557
26  9   0.0056751585   0.0068996671  -0.1739409634  -0.1740331672   0.1969993023
26 10  -0.1969953851  -0.0659169708   0.0659077090
27  1  -0.1391831330  -0.2261829990  -0.2875978296  -0.0890997001   0.0898026389
27  2   0.2135803572   0.3163984712   0.2612428590   0.0193316884   0.0790821811
27  3  -0.1164604469   0.0009585393  -0.0015617153  -0.0004636444  -0.0080896833
27  4   0.0091269002   0.1331789314   0.1355779271  -0.0032621531   0.0043811103
27  5   0.0026039376   0.0006526573  -0.0105310773  -0.0594464615  -0.0604777858
27  6  -0.0047401207  -0.1067034497   0.1060455456   0.1196412037  -0.1188263478
27  7   0.1639334434   0.1744883452   0.0939295179  -0.2238028445   0.2498042496
27  8  -0.0394249151   0.0393675870  -0.1620025380   0.0464024801  -0.0662837050
27  9  -0.0139789578  -0.0118453053   0.3718742340   0.3717683130  -0.3955169531
27 10   0.3955140149   0.1623037556  -0.1622171063
28  1   0.0121810680   0.1895716408  -0.1108873704   0.0647888782   0.0378261982
28  2   0.0555765837   0.0000000000  -0.0000000000  -0.0000000000  -0.0000000000
28  3  -0.0000000000   0.2779270514  -0.1334590860  -0.1551820914   0.1387803424
28  4  -0.1771991129   0.0000000000   0.0000000000   0.1694554379  -0.1580683138
28  5  -0.0141862129   0.0044325117   0.0000000000  -0.0262927936  -0.0271635486
28  6  -0.0000000000   0.0000000000   0.0000000000  -0.0168876302   0.0003311031
28  7  -0.0171949247  -0.0059864566  -0.0457497296   0.0195154955   0.0211955736
28  8   0.0000000000  -0.0000000000  -0.0444499572  -0.0232965597   0.0270870876
28  9   0.0460981186  -0.0436236492  -0.0016908697   0.0009795138   0.0000000000
28 10   0.0000000000   0.0009444451  -0.0008111838
29  1   0.0030695842   0.0301192757  -0.1034366590   0.0475707603  -0.2585950720
29  2   0.0140050942   0.0000000000   0.0000000000  -0.0000000000   0.0000000000
29  3  -0.0000000000  -0.1586292320   0.0569301748  -0.1065439197   0.0645050218
29  4  -0.0724694818   0.0000000000  -0.0000000000  -0.1231941781   0.1074826900
29  5  -0.1789480483  -0.2117366211   0.0000000000  -0.0608849351  -0.0558684870
29  6   0.0000000000   0.0000000000   0.0000000000  -0.1508738114   0.1221795496
29  7   0.0244577346   0.0231126137  -0.0226487972   0.0040224885   0.0069529491
29  8   0.0000000000   0.0000000000  -0.0099490189   0.0296688410  -0.0647374092
29  9   0.0050819784  -0.0112934872  -0.0004433705   0.0001474143   0.0000000000
29 10   0.0000000000  -0.0001638436   0.0001525332
30  1   0.0460479383  -0.2172854579  -0.3248308798  -0.0019374179   0.1112355286
30  2   0.0036246122  -0.0257816597  -0.0600197168   0.0428730353  -0.3105753477
30  3   0.1583195459   0.0000000000  -0.0000000000  -0.0000000000  -0.0000000000
30  4   0.0000000000   0.0639280150   0.0754655459  -0.0000000000   0.0000000000
30  5  -0.0000000000  -0.0000000000  -0.0337298875  -0.0000000000  -0.0000000000
30  6   0.0409584691   0.0256795476  -0.0151166790   0.0000000000   0.0000000000
30  7  -0.0000000000   0.0000000000  -0.0000000000  -0.0000000000  -0.0000000000
30  8  -0.0021464430   0.0019642461  -0.0000000000  -0.0000000000  -0.0000000000
30  9   0.0000000000  -0.0000000000  -0.0000000000   0.0000000000  -0.0000650329
30 10   0.0000840052  -0.0000000000   0.0000000000
31  1   0.0166362970   0.1305733498  -0.0502396568   0.1316029322   0.1033698932
31  2   0.0759037342   0.0000000000  -0.0000000000  -0.0000000000  -0.0000000000
31  3  -0.0000000000   0.1014098575  -0.0051237189  -0.2087907369  -0.0505752147
31  4   0.0427229635  -0.0000000000  -0.0000000000  -0.0806539703   0.0813584688
31  5  -0.1433845946  -0.1486666313   0.0000000000   0.0220368573   0.0255690522
31  6   0.0000000000  -0.0000000000  -0.0000000000   0.1369776789  -0.1407764051
31  7  -0.0185538677  -0.0187023390   0.0612941358   0.0132158002  -0.0462578143
31  8  -0.0000000000   0.0000000000   0.0259902849   0.2893322875  -0.3247693464
31  9  -0.0067746141  -0.0034526107   0.0006181550   0.0006306104   0.0000000000
31 10  -0.0000000000  -0.0015436663   0.0014921361
32  1   0.0024246036   0.0386604204  -0.1122165896   0.0378981326  -0.2680837907
32  2   0.0110623456   0.0000000000   0.0000000000  -0.0000000000   0.0000000000
32  3  -0.0000000000  -0.1183577324   0.0319455646  -0.1299921669   0.0925569154
32  4  -0.1089298963   0.0000000000   0.0000000000  -0.0254812702   0.0379571929
32  5  -0.0067063561   0.0063827495  -0.0000000000   0.0187180296   0.0124111215
32  6  -0.0000000000  -0.0000000000  -0.0000000000   0.1822396250  -0.1294599243
32  7  -0.0040529450  -0.0194644205   0.1165095602  -0.0567075610  -0.0448465767
32  8  -0.0000000000  -0.0000000000   0.1183060399  -0.1491737346   0.2991183354
32  9   0.0209096125   0.0006394994   0.0010078249   0.0012832095  -0.0000000000
32 10   0.0000000000   0.0018204597  -0.0017053084
33  1  -0.2055519393  -0.1184871107  -0.1646867856  -0.0225030899   0.0542571969
33  2   0.0837950419  -0.0135574838  -0.0228544350  -0.0049361055   0.0040287043
33  3   0.0940823562  -0.0000000000  -0.0000000000  -0.0000000000   0.0000000000
33  4  -0.0000000000  -0.2218334408  -0.2281139251  -0.0000000000   0.0000000000
33  5   0.0000000000  -0.0000000000  -0.0029655286  -0.0000000000  -0.0000000000
33  6  -0.0287736267  -0.1475540886   0.1423342319   0.0000000000   0.0000000000
33  7  -0.0000000000  -0.0000000000   0.0000000000  -0.0000000000   0.0000000000
33  8   0.0176889719  -0.0177146983   0.0000000000   0.0000000000   0.0000000000
33  9   0.0000000000  -0.0000000000   0.0000000000  -0.0000000000   0.0008660569
33 10  -0.0008729043  -0.0000000000   0.0000000000
34  1   0.0179798273   0.1127816727  -0.0319505756   0.1517515510   0.1231354192
34  2   0.0820336423   0.0000000000  -0.0000000000  -0.0000000000  -0.0000000000
34  3   0.0000000000   0.0363118836   0.0678221468  -0.2562107672   0.0044362897
34  4  -0.0005060292  -0.0000000000  -0.0000000000  -0.2087935953   0.2533082542
34  5   0.2245989575   0.2191296195  -0.0000000000  -0.0344987401  -0.0369458319
34  6  -0.0000000000   0.0000000000  -0.0000000000   0.0025245337  -0.0130281830
34  7   0.0919639843   0.1004912286  -0.0516959434   0.0153148502   0.0148102253
34  8   0.0000000000  -0.0000000000  -0.0197468506  -0.0473550709   0.0415483288
34  9   0.0012230902   0.0026961336  -0.0357658482  -0.0358126078  -0.0000000000
34 10   0.0000000000  -0.0090021637   0.0090040477
35  1  -0.0025262587   0.1042221278  -0.1796112138  -0.0363488224  -0.3409190623
35  2  -0.0115261509   0.0000000000   0.0000000000  -0.0000000000   0.0000000000
35  3  -0.0000000000   0.1309319808  -0.2197508583  -0.0149233919  -0.1343022375
35  4   0.0976687510  -0.0000000000  -0.0000000000  -0.0428080352   0.0572266269
35  5   0.0561947780   0.0603610134   0.0000000000   0.1163981919   0.1160055303
35  6   0.0000000000  -0.0000000000  -0.0000000000  -0.0509662438   0.0369360693
35  7   0.0239780854   0.0263854992  -0.0442287810   0.0429740776  -0.0266449231
35  8   0.0000000000  -0.0000000000   0.0061572673  -0.0031294631  -0.0141132914
35  9  -0.0044173208   0.0014286317   0.0047306230   0.0045861506  -0.0000000000
35 10   0.0000000000   0.0647660453  -0.0647878174
36  1  -0.2376280152  -0.1643490105  -0.2020353066  -0.0766990275   0.0616839499
36  2   0.2020978950   0.0805303397   0.0234286998   0.1641572281   0.1641965642
36  3  -0.1758331231  -0.0000000000  -0.0000000000   0.0000000000  -0.0000000000
36  4   0.0000000000  -0.0158289319  -0.0203469796   0.0000000000   0.0000000000
36  5   0.0000000000   0.0000000000   0.0150763324   0.0000000000   0.0000000000
36  6  -0.0006501949   0.1182473056  -0.1189246551   0.0000000000   0.0000000000
36  7  -0.0000000000   0.0000000000   0.0000000000  -0.0000000000   0.0000000000
36  8   0.0375388408  -0.0374043983  -0.0000000000   0.0000000000  -0.0000000000
36  9   0.0000000000  -0.0000000000  -0.0000000000  -0.0000000000   0.0644075004
36 10  -0.0644083310   0.0000000000  -0.0000000000
37  1   0.0441964841   0.0840272377  -0.1055672468   0.0999176889   0.1175509883
37  2   0.1349121976   0.1628338821   0.1439407641  -0.0003685727   0.0381651294
37  3  -0.1006681031   0.1169060952  -0.0203405032  -0.2208220212  -0.1336864965
37  4   0.1422509628   0.3718041022   0.3835148487  -0.1929475704   0.2428027891
37  5   0.2611201224   0.2487075367  -0.0416159009  -0.2207158253  -0.2222533814
37  6  -0.0142173947  -0.4234882593   0.4212393487  -0.1521428505   0.1866787806
37  7  -0.3286332200  -0.3546566974   0.0144796706   0.1192211388  -0.1881204995
37  8   0.1472877188  -0.1475700295   0.1483674229  -0.0723327715   0.1149732283
37  9  -0.0015027718  -0.0034792264   0.1988315798   0.1987846823   0.2293375607
37 10  -0.2293461483   0.0868003137  -0.0866665313
38  1  -0.1777985716   0.1999520404  -0.0866786142  -0.0709873437  -0.4062593796
38  2   0.0262538224  -0.2973196128  -0.3226182602   0.2963256547   0.2221886106
38  3  -0.2386894425   0.2266725543  -0.3262043882   0.0253761259  -0.3130942511
38  4   0.2837621503   0.1367577594   0.1366508745  -0.0297979287   0.0525276002
38  5   0.0970834277   0.0884193252  -0.0001698338  -0.2381648229  -0.2398759118
38  6  -0.0090089773  -0.0607252024   0.0582406567   0.0422399578  -0.0001861152
38  7  -0.1045309266  -0.1200720655   0.2442539888  -0.3249438256   0.2758672326
38  8   0.3070562361  -0.3070050868  -0.1415921403   0.0606434736  -0.0494284557
38  9   0.0056751585   0.0068996671  -0.1739409634  -0.1740331672  -0.1969993023
38 10   0.1969953851  -0.0659169708   0.0659077090
39  1  -0.1391831330  -0.2261829990  -0.2875978296  -0.0890997001   0.0898026389
39  2   0.2135803572   0.3163984712   0.2612428590   0.0193316884   0.0790821811
39  3  -0.1164604469  -0.0009585393   0.0015617153   0.0004636444   0.0080896833
39  4  -0.0091269002   0.1331789314   0.1355779271   0.0032621531  -0.0043811103
39  5  -0.0026039376  -0.0006526573  -0.0105310773   0.0594464615   0.0604777858
39  6  -0.0047401207  -0.1067034497   0.1060455456  -0.1196412037   0.1188263478
39  7  -0.1639334434  -0.1744883452  -0.0939295179   0.2238028445  -0.2498042496
39  8  -0.0394249151   0.0393675870   0.1620025380  -0.0464024801   0.0662837050
39  9   0.0139789578   0.0118453053  -0.3718742340  -0.3717683130  -0.3955169531
39 10   0.3955140149  -0.1623037556   0.1622171063
40  1   0.0114554433   0.1991807131  -0.1207650847   0.0539068498   0.0271510737
40  2   0.0522658936   0.0000000000  -0.0000000000  -0.0000000000  -0.0000000000
40  3  -0.0000000000   0.2908163351  -0.1554976612  -0.1959424735   0.1768633650
40  4  -0.2263032363  -0.0000000000  -0.0000000000   0.2499450765  -0.2042270391
40  5   0.0147735816   0.0253575917   0.0000000000  -0.0476646286  -0.0542352979
40  6  -0.0000000000   0.0000000000  -0.0000000000  -0.1095484809   0.1393143242
40  7   0.0735653445   0.0411583212   0.0850476641  -0.0636851950  -0.0465544950
40  8  -0.0000000000  -0.0000000000   0.1397499526  -0.0257477181  -0.1163122444
40  9  -0.6847499724   0.6821165733   0.0264860250  -0.0148589992  -0.0000000000
40 10  -0.0000000000  -0.0156992932   0.0139136631
41  1   0.0064441999  -0.0145690138  -0.0574990134   0.0981791040  -0.2089489625
41  2   0.0294019061   0.0000000000   0.0000000000  -0.0000000000   0.0000000000
41  3  -0.0000000000  -0.1128690571   0.1305012392  -0.1209279523  -0.0396111903
41  4   0.0917644746   0.0000000000  -0.0000000000  -0.3678255615   0.2576928525
41  5  -0.3573357910  -0.3338836126  -0.0000000000   0.0416623121   0.0491207454
41  6  -0.0000000000  -0.0000000000  -0.0000000000   0.4529639495  -0.4566818321
41  7  -0.3252080252  -0.2013565043  -0.5225806884   0.2258077054   0.2556048254
41  8   0.0000000000  -0.0000000000  -0.5396476623  -0.5572451240   0.3547581766
41  9  -0.1665693083   0.1780559056   0.0060771637  -0.0045281682  -0.0000000000
41 10  -0.0000000000  -0.0041106157   0.0040943373
42  1   0.0569195994  -0.1813702701  -0.2920424839   0.0344037235   0.1035989512
42  2  -0.0741361954  -0.0444693519  -0.0395359951  -0.0940675299  -0.2105357104
42  3   0.0962899618   0.0000000000  -0.0000000000  -0.0000000000  -0.0000000000
42  4   0.0000000000   0.1850478279   0.0921373141  -0.0000000000  -0.0000000000
42  5   0.0000000000  -0.0000000000   0.7030947147   0.0000000000  -0.0000000000
42  6  -0.7042267897  -0.0852158685  -0.1220250752   0.0000000000  -0.0000000000
42  7  -0.0000000000   0.0000000000  -0.0000000000   0.0000000000  -0.0000000000
42  8  -0.0103467534   0.0141746802   0.0000000000   0.0000000000  -0.0000000000
42  9   0.0000000000   0.0000000000  -0.0000000000  -0.0000000000  -0.0008468766
42 10   0.0003225779   0.0000000000  -0.0000000000
43  1   0.0216764303   0.0638294725   0.0183701873   0.2071886643   0.1775184872
43  2   0.0988995332   0.0000000000  -0.0000000000  -0.0000000000  -0.0000000000
43  3   0.0000000000  -0.1703837955   0.2984482660  -0.3474132563   0.3636196537
43  4  -0.3654592877   0.0000000000   0.0000000000  -0.2670867049   0.3066990317
43  5   0.2749280543   0.2932422989  -0.0000000000   0.5029036593   0.4984941750
43  6   0.0000000000  -0.0000000000  -0.0000000000  -0.3487166484   0.3415156899
43  7  -0.2891811719  -0.3173823999   0.2307359183  -0.3063000703   0.2782805966
43  8  -0.0000000000   0.0000000000  -0.1806380373   0.1618563386  -0.2299037432
43  9  -0.0084652050   0.0004809202   0.0186770684   0.0185462355   0.0000000000
43 10  -0.0000000000  -0.0547860776   0.0547654066
44  1  -0.0028411395   0.1083919318  -0.1838975935  -0.0410710187  -0.3455514738
44  2  -0.0129628067   0.0000000000   0.0000000000  -0.0000000000   0.0000000000
44  3  -0.0000000000   0.1485445410  -0.2392875725  -0.0073044993  -0.1663462896
44  4   0.1307454244   0.0000000000  -0.0000000000  -0.0408159438   0.0565020384
44  5   0.0610321852   0.0631523461  -0.0000000000   0.0627834125   0.0624043031
44  6  -0.0000000000  -0.0000000000  -0.0000000000  -0.0200988601   0.0081123135
44  7   0.0542052633   0.0589013094  -0.0595128372   0.0581339004  -0.0394592833
44  8  -0.0000000000  -0.0000000000   0.0165614043  -0.0311104742   0.0273490989
44  9   0.0065328867  -0.0236053690   0.2853887971   0.2864939193   0.0000000000
44 10  -0.0000000000  -0.6449872075   0.6451099902
45  1  -0.4484143594  -0.0788700844  -0.0651939680  -0.0915401480   0.0132680631
45  2   0.2642579580  -0.2418663153  -0.3281020288   0.4997247633   0.4387512860
45  3  -0.4633683825  -0.0000000000  -0.0000000000  -0.0000000000   0.0000000000
45  4  -0.0000000000   0.2404735561   0.2406571224   0.0000000000  -0.0000000000
45  5  -0.0000000000  -0.0000000000  -0.0229033641  -0.0000000000  -0.0000000000
45  6  -0.0147289012  -0.2583169277   0.2563769248   0.0000000000  -0.0000000000
45  7   0.0000000000   0.0000000000  -0.0000000000   0.0000000000  -0.0000000000
45  8  -0.5129336073   0.5127602282   0.0000000000  -0.0000000000   0.0000000000
45  9  -0.0000000000   0.0000000000  -0.0000000000  -0.0000000000   0.0131904876
45 10  -0.0132036737   0.0000000000  -0.0000000000
46  1   0.0194548870   0.0932482198  -0.0118710235   0.1738726862   0.1448359575
46  2   0.0887636582   0.0000000000  -0.0000000000  -0.0000000000  -0.0000000000
46  3   0.0000000000  -0.0293345250   0.0799467724  -0.2242143483  -0.1495231969
46  4   0.1648633712  -0.0000000000  -0.0000000000   0.1275287592  -0.1302235445
46  5  -0.1170673575  -0.1087401810  -0.0000000000   0.0316049980   0.0357199988
46  6  -0.0000000000  -0.0000000000  -0.0000000000  -0.0625866599   0.0613196168
46  7   0.0170761213   0.0098379822   0.0168251542  -0.0287820154   0.0115174275
46  8  -0.0000000000  -0.0000000000   0.0167087916  -0.1377867304   0.1928590557
46  9   0.0091730685   0.0016259665   0.0001788529   0.0002866617  -0.0000000000
46 10   0.0000000000   0.0004710378  -0.0004753115
47  1   0.0055360942  -0.0025434397  -0.0698607880   0.0845604492  -0.2223086810
47  2   0.0252586394   0.0000000000   0.0000000000  -0.0000000000   0.0000000000
47  3   0.0000000000  -0.2747218105   0.1320156224  -0.1239243039  -0.0192204084
47  4   0.0311509656  -0.0000000000   0.0000000000   0.2005959443  -0.2053525258
47  5   0.1319698783   0.1675456885   0.0000000000  -0.0149316809  -0.0173386410
47  6   0.0000000000   0.0000000000   0.0000000000   0.0279442782  -0.0244360269
47  7  -0.0091717314  -0.0089859064  -0.0257182575   0.0357612430  -0.0016593058
47  8   0.0000000000   0.0000000000  -0.0477518999   0.1043909204  -0.1670679212
47  9  -0.0076762208  -0.0008589344  -0.0003103926  -0.0003878152  -0.0000000000
47 10   0.0000000000  -0.0006359824   0.0005608958
48  1  -0.3971342448   0.0000000000   0.0000000000   0.0000000000   0.0000000000
48  2   0.0648644759  -0.0463237686   0.0037060333  -0.1903967320   0.1599423040
48  3   0.2232590972  -0.0000000000   0.0000000000   0.0000000000  -0.0000000000
48  4   0.0000000000   0.0709023463   0.0846929969   0.0000000000   0.0000000000
48  5  -0.0000000000   0.0000000000   0.0085925195   0.0000000000  -0.0000000000
48  6   0.0270225491   0.0276691680  -0.0242835504  -0.0000000000  -0.0000000000
48  7   0.0000000000  -0.0000000000   0.0000000000   0.0000000000  -0.0000000000
48  8  -0.0015268689   0.0012575287   0.0000000000  -0.0000000000  -0.0000000000
48  9  -0.0000000000   0.0000000000   0.0000000000   0.0000000000   0.0000967774
48 10  -0.0000993843  -0.0000000000  -0.0000000000
