$coord
   -7.56556620837911      2.38329549451385     -4.72806066804351  c
  -10.29044717778205      1.75958759476621     -5.26156470053751  c
   -6.45851401652030      2.20541227756467     -6.47949199505467  h
   -6.79646496019904      1.00821081413654     -3.37024008037891  h
   -7.41409135846548      4.30400555309956     -3.96979024749900  h
  -10.62634614109854     -0.50926808548346     -6.20584891479135  o
  -12.01322009695425      3.26878254830326     -4.83361544314802  o
  -12.49915289969481     -0.83469227380923     -6.52815867069810  h
  -20.61311506600894      0.92020043838443     -8.47807891785844  h
  -16.77618204248166      2.43055806024461     -5.65764399702239  o
  -17.11214415225204      0.16149992525867     -6.60141304458016  c
  -19.83726184433846     -0.46306756774370     -7.13263660407031  c
  -20.93945513720576     -0.30002011975413     -5.37661160637614  h
  -14.90338336983918      2.75593934762599     -5.33528012454211  h
  -19.98741333701979     -2.37894605711090     -7.90322633388201  h
  -15.38936294594449     -1.34762765749651     -7.02953795312695  o
$user-defined bonds
$end
