$energy      SCF               SCFKIN            SCFPOT
     1 -457.6386240007      453.2472342825     -910.8858582832
     2 -457.6924510148      453.4612527797     -911.1537037946
     3 -457.7605400690      454.0568042092     -911.8173442783
     4 -457.7898564776      454.1525680937     -911.9424245712
     5 -457.7973132228      454.0101728105     -911.8074860333
     6 -457.8004490021      454.0024200016     -911.8028690037
     7 -457.8032333032      454.0127475925     -911.8159808957
     8 -457.8095751781      453.9478261730     -911.7574013511
     9 -457.8159505615      453.8797391492     -911.6956897108
    10 -457.8212669604      453.9839300170     -911.8051969774
    11 -457.8247715915      454.0535485028     -911.8783200944
    12 -457.8274182697      454.2426850278     -912.0701032976
    13 -457.8299466639      454.1601168995     -911.9900635634
    14 -457.8348757632      454.1301359655     -911.9650117288
    15 -457.8410643870      454.0662964798     -911.9073608668
    16 -457.8460828567      454.0399839672     -911.8860668240
    17 -457.8483407233      453.9815632000     -911.8299039233
    18 -457.8494340769      454.0304682501     -911.8799023269
    19 -457.8512984744      454.0481190690     -911.8994175434
    20 -457.8523730242      454.0159965407     -911.8683695649
    21 -457.8531180410      454.0665028216     -911.9196208625
    22 -457.8536087452      454.0579189937     -911.9115277389
    23 -457.8538747209      454.0738263322     -911.9277010531
    24 -457.8541066720      454.0823146892     -911.9364213612
    25 -457.8544305361      454.0913569932     -911.9457875294
    26 -457.8545935264      454.0913620323     -911.9459555587
    27 -457.8547816686      454.0831626016     -911.9379442702
    28 -457.8550610291      454.0697182881     -911.9247793172
    29 -457.8554451799      454.0513539920     -911.9067991719
    30 -457.8558834618      454.0394067680     -911.8952902298
    31 -457.8566238223      454.0173604390     -911.8739842613
    32 -457.8575439570      453.9952953771     -911.8528393341
    33 -457.8594360899      454.0426594453     -911.9020955352
    34 -457.8607945859      453.9933428607     -911.8541374465
    35 -457.8620628694      453.9505889168     -911.8126517862
    36 -457.8640388512      453.9852458229     -911.8492846741
    37 -457.8657110681      454.0586493167     -911.9243603847
    38 -457.8672881493      454.0354773990     -911.9027655483
    39 -457.8696524210      454.0460500846     -911.9157025056
    40 -457.8705619889      454.0392579156     -911.9098199046
    41 -457.8708625606      454.0899117869     -911.9607743475
    42 -457.8717019658      454.1068636756     -911.9785656414
    43 -457.8723521015      454.1107020160     -911.9830541175
    44 -457.8730307538      454.1082326337     -911.9812633875
    45 -457.8738040078      454.0894270912     -911.9632310990
    46 -457.8744843478      454.0524581679     -911.9269425157
    47 -457.8763222559      454.0588464847     -911.9351687406
    48 -457.8774705633      454.0542542901     -911.9317248534
    49 -457.8781903304      454.0895890079     -911.9677793383
    50 -457.8787942002      454.1186769480     -911.9974711482
    51 -457.8794887685      454.1474778420     -912.0269666105
    52 -457.8800900700      454.1368721737     -912.0169622437
    53 -457.8805377266      454.1518062984     -912.0323440250
    54 -457.8812070105      454.1466285707     -912.0278355811
    55 -457.8816080208      454.1454594438     -912.0270674645
    56 -457.8819614254      454.1346843184     -912.0166457438
    57 -457.8823066628      454.1174250438     -911.9997317066
    58 -457.8825808318      454.1082936822     -911.9908745140
    59 -457.8827514431      454.1077976290     -911.9905490721
    60 -457.8828176732      454.1039014755     -911.9867191487
    61 -457.8828614959      454.1059338114     -911.9887953074
    62 -457.8828993714      454.1030832939     -911.9859826653
    63 -457.8829396577      454.0985827739     -911.9815224316
    64 -457.8829591573      454.0942754459     -911.9772346031
    65 -457.8829812582      454.0903415189     -911.9733227771
    66 -457.8830296243      454.0822880439     -911.9653176682
    67 -457.8831022871      454.0732855149     -911.9563878021
    68 -457.8832164973      454.0627539796     -911.9459704769
    69 -457.8833810546      454.0497222684     -911.9331033230
    70 -457.8836771841      454.0388211524     -911.9224983365
    71 -457.8840841179      454.0441110857     -911.9281952035
    72 -457.8842779876      454.0282871356     -911.9125651232
    73 -457.8843765967      454.0253625481     -911.9097391448
    74 -457.8844870257      454.0541092783     -911.9385963040
    75 -457.8846519331      454.0760068288     -911.9606587618
    76 -457.8847828470      454.0640914119     -911.9488742589
    77 -457.8848659377      454.0704796407     -911.9553455784
    78 -457.8849780564      454.0808769839     -911.9658550403
    79 -457.8850063701      454.0683138192     -911.9533201893
    80 -457.8850401650      454.0769773035     -911.9620174686
    81 -457.8850656057      454.0712548141     -911.9563204198
    82 -457.8850933960      454.0678699556     -911.9529633517
    83 -457.8851319436      454.0689341259     -911.9540660695
    84 -457.8851848738      454.0762780609     -911.9614629347
    85 -457.8852077450      454.0814948191     -911.9667025641
    86 -457.8852249407      454.0836702711     -911.9688952119
    87 -457.8852509332      454.0868269229     -911.9720778561
    88 -457.8852734892      454.0840325908     -911.9693060800
    89 -457.8852913638      454.0911331032     -911.9764244670
    90 -457.8853030008      454.0834131419     -911.9687161427
    91 -457.8853139374      454.0840507700     -911.9693647074
    92 -457.8853225707      454.0847406044     -911.9700631751
    93 -457.8853306621      454.0856447312     -911.9709753933
    94 -457.8853374744      454.0881466427     -911.9734841171
    95 -457.8853407502      454.0886005960     -911.9739413462
    96 -457.8853442098      454.0884113046     -911.9737555144
    97 -457.8853455380      454.0890124089     -911.9743579469
    98 -457.8853463448      454.0885620166     -911.9739083615
    99 -457.8853474205      454.0892878624     -911.9746352829
   100 -457.8853492485      454.0892806114     -911.9746298600
   101 -457.8853507301      454.0890344063     -911.9743851364
   102 -457.8853527639      454.0880464707     -911.9733992346
   103 -457.8853551256      454.0864886263     -911.9718437520
   104 -457.8853566019      454.0860439520     -911.9714005539
   105 -457.8853584821      454.0873235468     -911.9726820289
   106 -457.8853597448      454.0882123151     -911.9735720599
   107 -457.8853618611      454.0894075172     -911.9747693783
   108 -457.8853648226      454.0902758286     -911.9756406513
   109 -457.8853691240      454.0905855993     -911.9759547233
   110 -457.8853755193      454.0904333607     -911.9758088799
   111 -457.8853794108      454.0907218354     -911.9761012462
   112 -457.8853817521      454.0900156007     -911.9753973528
   113 -457.8853850170      454.0907890054     -911.9761740224
   114 -457.8853911372      454.0892703863     -911.9746615236
   115 -457.8854063900      454.0860279172     -911.9714343072
   116 -457.8854282358      454.0848726819     -911.9703009177
   117 -457.8854689219      454.0760662833     -911.9615352052
   118 -457.8854707861      454.0917745574     -911.9772453435
   119 -457.8854195796      454.0337134311     -911.9191330107
   120 -457.8855202469      454.0862365449     -911.9717567918
   121 -457.8855334791      454.0836593210     -911.9691928001
   122 -457.8855523101      454.0634724440     -911.9490247542
   123 -457.8855687105      454.0751368576     -911.9607055681
   124 -457.8855772893      454.0827833643     -911.9683606536
   125 -457.8855830368      454.0714951533     -911.9570781901
   126 -457.8855859935      454.0918299941     -911.9774159875
   127 -457.8855994247      454.0851489134     -911.9707483382
   128 -457.8856035927      454.0773516390     -911.9629552317
   129 -457.8856099513      454.0799846291     -911.9655945804
   130 -457.8856475757      454.0847236456     -911.9703712213
   131 -457.8856600821      454.0651037607     -911.9507638428
   132 -457.8856831838      454.0818337056     -911.9675168894
   133 -457.8856981577      454.0723721441     -911.9580703017
   134 -457.8857282269      454.0857459422     -911.9714741691
   135 -457.8857275332      454.0615070933     -911.9472346265
   136 -457.8857513654      454.0891072452     -911.9748586106
   137 -457.8857588241      454.0864467832     -911.9722056073
   138 -457.8857613608      454.0637034720     -911.9494648328
   139 -457.8857782001      454.0712649482     -911.9570431483
   140 -457.8857938212      454.0834637268     -911.9692575480
   141 -457.8858011783      454.0890554884     -911.9748566667
   142 -457.8858135076      454.0840669678     -911.9698804754
   143 -457.8858224680      454.0817140740     -911.9675365419
   144 -457.8858268487      454.0859316416     -911.9717584904
   145 -457.8858241287      454.0744924310     -911.9603165597
   146 -457.8858275475      454.0936847811     -911.9795123286
   147 -457.8858332475      454.0886103411     -911.9744435886
   148 -457.8858342041      454.0875594267     -911.9733936308
   149 -457.8858359404      454.0848803172     -911.9707162576
   150 -457.8858366673      454.0865378979     -911.9723745653
   151 -457.8858376609      454.0880165022     -911.9738541631
   152 -457.8858379786      454.0887574906     -911.9745954691
   153 -457.8858381693      454.0880977797     -911.9739359491
   154 -457.8858384001      454.0882847190     -911.9741231190
   155 -457.8858385833      454.0878139909     -911.9736525742
   156 -457.8858386665      454.0873984888     -911.9732371553
   157 -457.8858387998      454.0868671779     -911.9727059777
   158 -457.8858389682      454.0864034580     -911.9722424262
   159 -457.8858393455      454.0864853675     -911.9723247130
   160 -457.8858397384      454.0868586700     -911.9726984084
   161 -457.8858404375      454.0871853644     -911.9730258019
   162 -457.8858408001      454.0871656507     -911.9730064507
   163 -457.8858397847      454.0850689245     -911.9709087093
   164 -457.8858416784      454.0869758604     -911.9728175387
   165 -457.8858428980      454.0883493196     -911.9741922176
   166 -457.8858434118      454.0878988717     -911.9737422835
   167 -457.8858437043      454.0853769663     -911.9712206706
   168 -457.8858437500      454.0886645180     -911.9745082681
   169 -457.8858441754      454.0877262600     -911.9735704353
   170 -457.8858442013      454.0877266980     -911.9735708993
   171 -457.8858442750      454.0871853020     -911.9730295771
   172 -457.8858442857      454.0874436022     -911.9732878879
$end
