$hessapprox
  0.506200508845D+00 -0.491717380637D-01  0.647567725704D+00 -0.198562761117D-01
  0.341047354474D-01  0.616973027897D+00 -0.165166935817D+00 -0.150474716358D-01
 -0.150426937898D-01  0.706160500538D+00  0.628527241098D-02 -0.957218061593D-01
 -0.110685362399D-01 -0.180986602383D+00  0.744111537543D+00 -0.336336877397D-01
  0.252171408437D-01 -0.955835458395D-01  0.542969740187D-01  0.684232100747D-01
  0.340688851825D+00 -0.162155219950D+00  0.369175281591D-01  0.107288613077D+00
 -0.757726622355D-02 -0.472766232100D-02  0.496467867464D-01  0.159344812409D+00
  0.397353601268D-01 -0.100598668693D+00 -0.574468772227D-01  0.109031922929D-01
 -0.104180003958D-01  0.211160224944D-02 -0.294105383495D-01  0.129153117976D+00
  0.165829770607D+00 -0.735660012298D-01 -0.165723068644D+00 -0.371629269058D-01
  0.363968032191D-01 -0.319498710730D-01 -0.167066775936D+00  0.208454267351D-01
  0.379959015017D+00 -0.790755440284D-01  0.370645465332D-01 -0.611061373292D-01
 -0.140462846537D-01  0.242179350419D-01 -0.491553691771D-01  0.104276943604D-01
  0.242976361984D-03  0.684466852626D-02  0.938849186803D-01  0.803498249106D-01
 -0.117829291352D+00  0.113678891643D+00 -0.876508910081D-02  0.117066137710D-01
 -0.154853633098D-03 -0.287214028854D-01 -0.441734522933D-01  0.633679239729D-01
 -0.813411612577D-01  0.241092489534D+00 -0.763253725439D-01  0.910782657997D-01
 -0.279899948055D+00 -0.830714787909D-02  0.865446726195D-02  0.240333379439D-02
  0.536465442858D-02  0.276542372670D-01 -0.123775995386D+00  0.726442741357D-01
 -0.158671448704D+00  0.360622469189D+00 -0.555610981561D-01 -0.100288547771D-01
 -0.918913298795D-02 -0.627650097824D-02 -0.353188005984D-01  0.354211025329D-02
  0.108655459287D-01  0.525176026510D-02  0.150767375405D-01 -0.140665485682D-02
  0.196105513540D-01  0.528032923256D-02  0.604966384693D-01 -0.495377399723D-01
 -0.303633018492D+00 -0.637932528166D-01  0.130347961121D-01 -0.182889302498D-01
 -0.274257898478D-01  0.224239964277D-01  0.347308223220D-01 -0.411930551242D-01
  0.379491645023D-01 -0.113761949431D+00  0.361857458701D-01  0.103193427370D-01
  0.411854493461D+00 -0.258873037510D-01 -0.409491237359D-01 -0.105174854980D+00
  0.256044314132D-01 -0.152204648070D-01 -0.247730850638D-03  0.191670835692D-01
  0.717938962513D-02 -0.812615601599D-01  0.159078503755D-01 -0.219283393027D-01
  0.477647438395D-01 -0.866169556810D-02  0.984014996478D-01  0.144967158013D+00
 -0.312532453365D-01 -0.186809084422D-01  0.213904535997D-01 -0.101198179802D+00
 -0.477208819407D-01 -0.220646652116D-01  0.154176802110D-02 -0.127939811542D-01
 -0.342084767823D-01 -0.150094902333D-01  0.334767100514D-01 -0.155005666736D-01
 -0.148060663482D-01 -0.667606129020D-01 -0.792877186887D-02  0.511114471544D+00
 -0.174296296475D-02 -0.159256480491D-01 -0.220579485947D-01 -0.339598846222D-01
 -0.259565777176D+00 -0.470461763218D-01  0.262955369054D-03 -0.201304949681D-01
  0.189851897629D-01 -0.980476394794D-02  0.829615315682D-02 -0.506720368870D-02
  0.258670194480D-02 -0.170420174330D-02 -0.186280882067D-01  0.497064837438D-01
  0.419592082898D+00 -0.479827943488D-02 -0.161841220281D-01  0.244761903456D-01
 -0.218581604148D-01 -0.531865645989D-01 -0.104742740945D+00 -0.105160425814D-02
  0.315944789403D-01 -0.146172394915D-01  0.328946394387D-02 -0.966051612830D-02
 -0.315706448798D-01 -0.130634787349D-01 -0.127248675128D-01  0.257831088145D-01
  0.113218862809D+00  0.118852827075D+00  0.162615685238D+00 -0.295585343990D-01
  0.583262646652D-01  0.289546528153D-02 -0.363380371476D+00  0.251971756682D+00
  0.259756401720D-02 -0.102172883279D-01 -0.959879951689D-02 -0.129196376750D-01
 -0.459511657795D-02 -0.448284060967D-02  0.197983301344D-01 -0.750848758101D-02
 -0.761778819532D-02  0.146597451962D-01  0.193711542299D-01  0.248836270439D-01
  0.298700765048D-01  0.454648907138D+00 -0.233612636889D-01 -0.908232119410D-02
  0.157342970244D-01  0.264683728313D+00 -0.367916656364D+00  0.453988809160D-02
  0.166649724535D-01  0.361222115949D-01 -0.636424414788D-01 -0.128914096625D-01
 -0.916225292369D-02 -0.870659692925D-03  0.249654073395D-02  0.126323053805D-01
  0.226268873870D-01  0.581627118533D-01 -0.996486403959D-01 -0.384617876358D-01
 -0.300691476027D+00  0.462115298749D+00 -0.150349682605D-01 -0.392499528248D-02
  0.124728464396D-01  0.248532336282D-01 -0.279377896385D-01 -0.948161750037D-01
 -0.642045847945D-02 -0.365538462619D-01  0.502090607564D-02 -0.216008469184D-02
  0.276555303596D-01  0.317411707423D-01  0.112723382780D-01 -0.103226386243D-01
 -0.280254508873D-01  0.211596730149D-01 -0.430401182685D-01 -0.127390122971D-01
 -0.439958469663D-01  0.710504381019D-01  0.103747033195D+00  0.456780458685D-02
 -0.287183520411D-01 -0.172322639118D-01 -0.253122824865D-02 -0.637599683383D-01
  0.164473746875D-02 -0.445803377737D-03  0.872427086134D-02  0.121574366429D-01
  0.399373905669D-02 -0.110966639993D-01  0.120242832518D-01  0.845271225060D-02
  0.318693732253D-01 -0.892582653591D-02 -0.284819283506D+00 -0.234142265473D-01
 -0.682585115873D-01 -0.452394041008D-01  0.465764662468D-01  0.734999984217D-02
  0.289626310006D+00 -0.162769869749D-01 -0.764293887278D-02 -0.113774558280D-02
 -0.468769922267D-01 -0.721145039493D-02 -0.172646064762D-01  0.872054988777D-03
 -0.134841255866D-01 -0.796973277461D-02 -0.285765701475D-02  0.168405847782D-01
  0.162544587456D-01  0.423250071315D-02 -0.147388792483D-01 -0.120657497208D-01
  0.255922941468D-01 -0.430307487780D-01 -0.415054822643D-02  0.808785011823D-02
  0.110133380495D-03  0.205571392024D-01  0.296937320685D-01  0.887755665857D-01
  0.116182792499D-01 -0.108938697450D-01 -0.290934605352D-02 -0.114242649372D-01
 -0.140993152102D-01 -0.156424290076D-01 -0.463294406900D-02  0.348217788051D-01
  0.194656923922D-01  0.156886926947D-01 -0.350839007512D-01 -0.270954181018D-01
 -0.105294676626D-01  0.315795891818D-01  0.252558722165D-01 -0.786099534547D-01
 -0.799072011987D-02 -0.319982578392D-01 -0.162488369405D-03  0.105420534326D-02
 -0.361068910869D-01  0.560584568476D-01 -0.582769139227D-02  0.107558376542D+00
  0.243389361198D-01 -0.131779726501D-01 -0.215894278742D-01 -0.168296885317D-01
  0.184342108809D-01 -0.204073912405D-01 -0.166395091392D-01 -0.109265053009D-01
  0.528899959673D-01  0.742503695989D-02  0.115450025888D-01 -0.392486064830D-02
 -0.202059223896D-02 -0.302828322972D-02 -0.179058616955D-01 -0.268631385201D-01
  0.125596200495D-01 -0.202359976065D-01 -0.299167735580D-02 -0.287086423441D-01
  0.109738056898D-01  0.100748555716D-01 -0.471956242482D-02  0.897764990173D-02
  0.111563072921D+00 -0.151486341699D-01  0.283750182342D-01  0.970152357386D-02
  0.140363373940D-01 -0.293923658952D-02  0.122724861206D-01  0.175172838198D-01
  0.460061507698D-01 -0.776984543746D-01  0.553561754427D-02 -0.561291048414D-01
  0.163621304446D-01 -0.148995580208D-01  0.127898308542D-01  0.470262388258D-01
  0.265231162307D-01 -0.285776189114D-01  0.418568368776D-01  0.107831361516D-01
  0.272910151563D-01 -0.396991332827D-01 -0.170415235004D-01 -0.652640062223D-02
  0.212113500392D-01 -0.102268240910D+00  0.261939875945D+00  0.520547503263D-01
 -0.304146440966D-01 -0.821096744268D-02  0.188742873069D-01 -0.165682389023D-01
 -0.102746135046D-01 -0.349860229461D-01  0.383268122366D-01  0.870897446030D-01
  0.257262390868D-02 -0.367479940484D-03 -0.828596470232D-01 -0.107726574091D-01
  0.814314683633D-02  0.743065237586D-02 -0.235893742069D-01 -0.271160356890D-02
  0.183917127157D-01 -0.216884763069D-01  0.124308816208D-01 -0.331264968746D-01
  0.944696365259D-02 -0.214970347500D-01  0.427682135208D-01  0.770864282700D-01
 -0.104717566619D+00  0.241469699189D+00 -0.151275523718D-01 -0.160199442700D-01
 -0.149716637429D-01  0.160065783351D-01 -0.430088363215D-01 -0.593274173198D-02
  0.845747753557D-02  0.289409137441D-01 -0.298165692310D-01 -0.100576305582D-02
 -0.255357713577D-01  0.196600870461D-01 -0.348471517130D-02  0.255812021997D-01
  0.218417183210D-01 -0.544115308000D-02  0.876183602600D-02  0.105883844234D-01
 -0.378032835447D-01  0.357519558506D-01 -0.161910892281D-01 -0.883570971755D-03
 -0.103033427427D-01  0.154883865834D-01 -0.829271380596D-02  0.204345172400D-01
  0.255704891226D-02  0.451111796626D+00  0.107769126328D-01 -0.137061149911D-01
 -0.568486913517D-02  0.140189002492D-01  0.776380399700D-02 -0.158896443978D-01
  0.383813630694D-03  0.159463164787D-01 -0.189847160952D-01  0.978006115801D-03
  0.215306935542D-02  0.935566734382D-02 -0.127012398513D-01 -0.807534526220D-02
  0.186529579895D-01  0.112970841757D-01  0.833405575263D-03  0.197024433234D-01
 -0.107820558081D-01  0.160057273051D-01 -0.436329040684D-02 -0.246312464136D-01
 -0.436303816548D-02  0.595475781892D-02 -0.820417544084D-02  0.329482973412D-01
 -0.100262975713D-01  0.496889792883D-01  0.476056830976D+00  0.196835637132D-02
  0.279157564386D-02 -0.903521641005D-02 -0.254049852155D-01  0.297643720515D-01
 -0.137807853297D-01 -0.533826771779D-02 -0.446422579003D-01  0.419435225208D-01
 -0.254101396233D-02  0.325427159954D-01  0.669452198331D-02  0.900292692188D-02
 -0.214968623463D-01 -0.392558173759D-01 -0.738471967756D-02  0.220306570477D-01
 -0.277146113701D-01 -0.100364513106D-02 -0.464347779268D-01  0.418150926738D-01
 -0.772831815980D-02  0.801489644723D-02 -0.212106739791D-01  0.241063622966D-01
 -0.455015607099D-01 -0.167965238117D-01  0.610406706267D-02  0.152181425796D+00
  0.177703247678D+00  0.536999558321D-02  0.531327862233D-03  0.107120531770D-01
 -0.151638050304D-01  0.251051432212D-01 -0.267948617059D-01  0.726808646378D-02
  0.981355566475D-02 -0.878347382476D-02  0.580108722501D-02 -0.107413131983D-01
 -0.642197968823D-02  0.456475432895D-03  0.216957658824D-01  0.208296389455D-01
 -0.260362841038D-03 -0.205957072896D-01  0.179471915059D-01  0.209501707357D-01
 -0.156820129579D-01 -0.113017844931D-02 -0.379963603573D-01  0.362204060657D-02
  0.353033524083D-02 -0.145789900340D-01  0.984350413413D-02  0.426885514167D-02
 -0.136013222244D+00 -0.322161719357D-01  0.125849527769D-02  0.728407231634D+00
  0.292036739401D-01 -0.111178379871D-01 -0.275743620920D-01 -0.402032206006D-01
  0.721320849340D-01  0.194280759615D-01 -0.136759639773D-01 -0.201608522549D-01
  0.565727883480D-01  0.416357147323D-02  0.143354329714D-01 -0.690754839084D-03
  0.818839720463D-02 -0.939504248439D-02 -0.293471093328D-01 -0.514581392583D-01
 -0.348751439789D-02 -0.415683681806D-01  0.161457771600D-01 -0.576337351687D-01
  0.528474937832D-02  0.511420690736D-01  0.162213443464D-02  0.972907683926D-02
  0.419280745654D-01 -0.320889154579D-01  0.233502653519D-01 -0.673191707420D-01
 -0.267185687824D+00 -0.446037838606D-01 -0.113011554140D+00  0.681546752081D+00
 -0.225212728482D-04 -0.938284826783D-02  0.102439352064D-02  0.460656383667D-02
 -0.456513289070D-02  0.303237965997D-01 -0.120626579671D-02 -0.216613485398D-01
  0.197792296459D-01 -0.419189339607D-02  0.281392232855D-01 -0.123043508986D-01
  0.423486663641D-02 -0.262777542531D-01 -0.261095343175D-01  0.141601230138D-01
  0.362747177331D-02 -0.161992053980D-01 -0.278225268973D-01  0.227234466241D-01
  0.107478143916D-01  0.223550602156D-01  0.675525204960D-02 -0.185581860006D-01
 -0.224276244086D-01 -0.609459711508D-02 -0.166545971929D-01 -0.210092380784D-01
 -0.779855058330D-01 -0.105720756773D+00 -0.941915015593D-01  0.159158384964D+00
  0.379598882397D+00 -0.498358529304D-01  0.144990909851D-01  0.611686447088D-03
  0.183216097071D-01 -0.406860543507D-01  0.372990023750D-01  0.410904961308D-01
  0.267310003568D-01 -0.963332855531D-01  0.441759093811D-02 -0.454708135112D-01
  0.416894702308D-01  0.637348782992D-02  0.326490847531D-01  0.397489817577D-01
  0.377824887178D-02 -0.158048940290D-01  0.165117786553D-01 -0.164069718070D-01
  0.509470401484D-01 -0.239974708807D-01  0.145308609486D-01 -0.212104429885D-02
 -0.311667579440D-02 -0.113160774571D+00  0.109030716064D+00 -0.770898735096D-01
  0.113879887614D-01  0.234722565841D-01 -0.358811649951D-01 -0.153067839617D+00
 -0.439777929902D-01  0.792747453464D-02  0.520078952452D+00 -0.602018102903D-02
 -0.190969687261D-01 -0.224372151625D-01 -0.994513777382D-02 -0.175270672727D-01
 -0.227237986527D-01  0.546309985964D-02 -0.241273574642D-02  0.238944785645D-01
  0.299471220131D-01 -0.227150891763D-01  0.889789242837D-02  0.127510753472D-02
  0.552145309642D-01  0.916249508087D-02 -0.570221305676D-01  0.146515291478D-01
 -0.231645127601D-01 -0.136324899745D-01 -0.162572113092D-01  0.330806223259D-02
  0.268092359645D-01 -0.154216928220D-01  0.246388221208D-01  0.895587583581D-01
 -0.203760407556D+00  0.891927030245D-01 -0.563901557775D-01 -0.542363549614D-01
 -0.140451069690D-01 -0.502182361119D-01 -0.575120109696D-01 -0.162740382320D-02
 -0.123140126853D-01  0.609610576014D+00 -0.838921621566D-02  0.458326681615D-02
  0.474349700007D-01 -0.118074970715D-01 -0.170423609899D-01  0.443405191350D-02
  0.602648216196D-02 -0.293924099792D-02 -0.685463749689D-02 -0.760128175343D-02
 -0.220247438643D-03 -0.964270181669D-02  0.893811683587D-02  0.686828733979D-03
 -0.322359097199D-01  0.869747366038D-02 -0.352662693432D-02 -0.301676990622D-02
 -0.489036113169D-02 -0.165028051515D-02  0.282182608593D-02  0.122944726726D-01
  0.124284248251D-01 -0.129948095585D-01 -0.710056710934D-01  0.814406390342D-01
 -0.144677202622D+00 -0.147250781068D-01 -0.235608443629D-01  0.754969454732D-02
 -0.261611496702D-02  0.129351411285D-01 -0.114804540795D+00 -0.300990927568D-01
 -0.512561881058D-02  0.602591567069D+00  0.231128865009D-01 -0.159422928825D-02
  0.320266835182D-01 -0.134326379555D-02 -0.413326781296D-02 -0.185698280898D-02
 -0.243263146881D-01 -0.114822622081D-01  0.518698833687D-01 -0.128737290195D-01
  0.389138753027D-01 -0.495150051389D-01  0.250418489573D-02 -0.396871626716D-01
 -0.368076611283D-01  0.243487310352D-01  0.617391934170D-02  0.135012470710D-02
 -0.100611356856D-01 -0.556407516656D-03  0.664475826694D-02 -0.569680205072D-03
  0.692908625470D-02 -0.142129330011D-01  0.545668069289D-02 -0.199761985393D-02
  0.532455095809D-03 -0.129833606868D-01 -0.848334395950D-02  0.185378269104D-02
 -0.276271777461D-01 -0.650335489132D-02  0.582444353291D-01 -0.123590966833D+00
 -0.319030839006D-01  0.107179110897D+00  0.145948080498D+00 -0.972371729472D-02
  0.375430010527D-02 -0.129099165271D-02 -0.122688443160D-01  0.168240708410D-01
  0.900750721223D-02  0.218931906185D-02 -0.505930890847D-01  0.952127736018D-02
 -0.171208361164D-01  0.450859612175D-01  0.150884664257D-01  0.118635757165D-01
 -0.332218240330D-01 -0.354457784088D-01  0.132142795605D-01  0.144089155665D-01
 -0.243498791386D-01  0.233385395284D-02 -0.197843229091D-01  0.364313980321D-01
 -0.660175526974D-03  0.184352072364D-01 -0.408356991794D-01 -0.966230920178D-03
 -0.402364099892D-01 -0.137362302957D-01 -0.137031998855D-01 -0.965579392905D-02
  0.385110048563D-01 -0.122677543776D-01  0.233444372265D-01  0.151903215245D-01
 -0.193944232960D-01 -0.636063096616D-01  0.239741539917D-01  0.664229584071D-02
  0.103860696990D+00 -0.579998228328D-01  0.195236772279D-01 -0.381950545193D-01
 -0.880884700475D-03  0.327320896160D-01 -0.285399836122D-02  0.535659308812D-01
  0.113032177624D-01 -0.133808841809D+00  0.180348383475D-01 -0.443009797738D-01
  0.997571482717D-01 -0.975921140573D-02  0.249796305938D-01  0.766804529059D-01
 -0.839620270607D-02 -0.107716492133D-01  0.151039172005D-01  0.381802627377D-01
  0.123118221481D-03 -0.441350495079D-02 -0.199499986490D-01 -0.591133229408D-02
  0.616082349649D-02  0.392597859045D-02  0.222899291892D-01 -0.926509714022D-01
  0.214368445692D-01  0.297456092613D-01 -0.219967195130D-01  0.119499982581D-01
 -0.466437578540D-01 -0.253733921163D-01  0.153984308738D+00  0.526704074039D-01
 -0.259422801346D+00 -0.173900958864D+00 -0.120438846880D-01  0.432801319405D+00
  0.404675139037D-02  0.454686111916D-02  0.139244142263D-01 -0.224152208058D-01
  0.428374737075D-01 -0.947023166496D-02 -0.830886098262D-02 -0.507834980916D-02
  0.256873296977D-01  0.990417420809D-02  0.474659120637D-02 -0.244026094953D-01
 -0.191125737391D-02 -0.857308422683D-02 -0.653352721233D-02 -0.423680704790D-02
 -0.111213394163D-01  0.231147973494D-02  0.257352350503D-01 -0.422412554978D-01
 -0.409007032658D-02  0.916050778040D-02  0.722230407723D-02  0.103075817899D-01
  0.797822976298D-02 -0.136754185700D-02  0.139778351144D-01 -0.261236082266D+00
 -0.371988422461D-01 -0.121280035026D-01  0.176537665175D-01 -0.155733766666D-01
 -0.241917803334D-01 -0.232295926075D-01  0.137344887199D-01  0.231908805984D-03
  0.529581257300D-02 -0.520291077058D-02 -0.166400487944D-01  0.253981048612D+00
 -0.233629578049D-03  0.129970654186D-01  0.692763190338D-02  0.140435661375D-01
 -0.158871919463D-01 -0.909135776286D-03 -0.126508008990D-01 -0.730737520036D-02
  0.349827921945D-01  0.503022935357D-02  0.464174790043D-02 -0.239635263225D-01
  0.293881622952D-03 -0.151445098001D-01 -0.194785358514D-01  0.690390707547D-02
  0.152328593298D-02 -0.225788427206D-02 -0.178397534337D-01 -0.136299767655D-01
 -0.146565154806D-02  0.931475720294D-02  0.397758062013D-02  0.525181915954D-03
  0.136712308009D-02 -0.663211301704D-02  0.956430092392D-02 -0.254565557949D-01
 -0.753967157550D-01 -0.658655554223D-02 -0.399584389469D-01 -0.160503341612D-01
 -0.684626192286D-02 -0.194311821423D-01  0.136598897188D-01  0.212271897429D-01
  0.148195464493D-01  0.324716397428D-02 -0.391946710436D-01  0.623987574717D-01
  0.113194841619D+00 -0.960377921794D-02  0.133531751406D-02  0.547171514650D-02
  0.176617025217D-02 -0.472367421153D-02  0.147395036010D-02 -0.145585044763D-02
 -0.280467769712D-01 -0.108944641434D-01 -0.452627067065D-02  0.158365945247D-01
  0.291883021155D-01  0.598349764974D-02 -0.484031041282D-02 -0.209951133424D-01
  0.104429902653D-01  0.447459566751D-02 -0.209176891941D-01 -0.310991322310D-02
 -0.258839614313D-02  0.771455781515D-02  0.814824152276D-02  0.172554834265D-01
 -0.258941769556D-01 -0.791899209675D-03 -0.187618065734D-01 -0.309211788005D-01
 -0.119050278701D-01 -0.207565280059D-01 -0.284179528315D-01 -0.257902914273D-01
 -0.128662953380D-01  0.750959349192D-02 -0.945613172224D-02 -0.203441045423D-01
  0.270339921813D-01  0.923082294513D-02  0.316397369241D-01 -0.151668836673D-01
  0.211730592454D-01  0.271764345957D-01  0.872592797131D-01  0.648223636496D-02
  0.211480754787D-02 -0.986944319959D-02 -0.130507665279D-01  0.141002152557D-01
 -0.181566036830D-02 -0.532263805523D-03 -0.228356801386D-01 -0.554596269137D-05
 -0.734503609018D-02  0.135687791243D-01  0.204592413635D-01  0.271243915435D-02
 -0.407129972580D-02 -0.104793877619D-01 -0.137665564505D-01  0.861918325894D-02
 -0.170574835368D-01  0.978926519386D-02 -0.199220736958D-01  0.184956234444D-01
  0.420751687174D-02  0.497726952440D-02 -0.126685391832D-01  0.160359374516D-01
 -0.127729294297D-01 -0.143300411411D-01 -0.991634683033D-02 -0.101700429671D-01
  0.150234254439D-01 -0.197187247193D-02 -0.157171715362D-01 -0.224703644994D-01
 -0.711011764928D-01 -0.137524094917D-01  0.100581462577D-01  0.420669713212D-02
  0.397397141336D-01  0.101495165999D-01 -0.283513780717D-02 -0.487655377462D-02
  0.149979017877D-01  0.703541082750D-01  0.267549056140D-01 -0.670768621383D-02
  0.274456799713D-01  0.267369529333D-01 -0.359967182721D-01  0.126813147559D-01
 -0.167304366945D-01  0.189258190978D-01  0.130177678563D-01 -0.201393995880D-01
  0.157941933051D-01 -0.428337503438D-01 -0.133026113864D-02 -0.119025656776D-01
 -0.199590220631D-02  0.229751084943D-01 -0.351120577228D-02  0.174799140479D-01
 -0.136453745399D-01  0.419097565125D-01 -0.109913443263D-01 -0.671675950287D-02
 -0.128759516089D-02 -0.401725552435D-02 -0.167736074417D-01 -0.132820139068D-01
  0.215999312258D-01  0.106903567108D-01  0.163049635815D-02 -0.262425363618D-01
  0.142498986936D-01 -0.437109225671D-01  0.553483147705D-03 -0.284162581392D-01
 -0.227329832980D+00 -0.886921746205D-01  0.302808894675D-01 -0.226782663142D-01
 -0.420472722797D-01 -0.100669468030D-01 -0.120128312157D-01 -0.842180252065D-04
  0.742216887710D-02  0.296998463078D+00  0.227954582987D-01  0.714529862276D-02
 -0.596704524024D-02 -0.572732832629D-02 -0.874559891040D-02  0.479129852270D-02
 -0.228389138935D-01 -0.277939482606D-01  0.399662627631D-01 -0.945726755334D-02
  0.191487274851D-01  0.161431722403D-02  0.817363776183D-02 -0.689926168557D-02
 -0.350128746384D-01  0.258966533344D-02  0.120155349080D-01 -0.276915394924D-01
 -0.989275458796D-02 -0.915996427636D-02  0.210939678841D-01  0.521877199078D-02
  0.726648768267D-02 -0.177935865335D-01  0.657349002172D-02  0.575670033473D-02
  0.118161499073D-01 -0.188922988284D-01 -0.103834188603D-01  0.248426231472D-01
 -0.967870713135D-02  0.654499180078D-02  0.350837641397D-01 -0.255030750940D-01
 -0.992353526280D-01 -0.120212329311D+00  0.310814213801D-01 -0.149347549128D-01
 -0.757033776629D-01  0.167495229969D-02  0.772679753590D-03  0.177702118190D-01
  0.116696545315D-01  0.111926008366D+00  0.163937272646D+00  0.136148635990D-01
 -0.156095570351D-02 -0.199923303799D-01 -0.115091766895D-01  0.373900668663D-01
  0.221044167696D-01 -0.879335435435D-02 -0.282169131964D-01  0.559408695203D-01
 -0.496622912826D-03  0.139437213821D-01 -0.125231277563D-01  0.111388874291D-02
 -0.162467549160D-01 -0.346294140563D-01 -0.625000905362D-01  0.288945203936D-02
 -0.487638467108D-01 -0.273246149261D-02 -0.312288742087D-01  0.122707351183D-01
  0.278710236948D-01 -0.807354681566D-02  0.136878841635D-01  0.185043347167D-01
 -0.482081808364D-01  0.108519779116D-02  0.522392277023D-02  0.337711659457D-01
  0.380927022966D-01 -0.399227183251D+00  0.216668181386D+00  0.106005192676D+00
 -0.695860607814D-01  0.844100248621D-01 -0.229139819478D-02  0.250255533178D-02
  0.153250542380D-01 -0.237005507692D-01 -0.958256700382D-02  0.627514617595D-02
 -0.510351987956D-02  0.673095603274D-02 -0.252912369430D-01  0.122132937970D-01
  0.488865972133D+00 -0.218890958991D-01  0.836819126830D-02  0.489903893566D-02
 -0.940423077341D-02 -0.210652762657D-01 -0.222672202040D-01  0.322178135671D-02
 -0.116056440164D-01  0.546995306386D-02 -0.973941351965D-03  0.382489402700D-02
  0.256601200391D-02  0.816035455945D-02  0.264428343960D-02 -0.799037698363D-02
  0.658495893319D-02  0.162764779145D-01 -0.377744978269D-02  0.575831233172D-02
 -0.307133104843D-02  0.140114903326D-01 -0.280909887733D-01 -0.160543373843D-01
 -0.107663101420D-01  0.133804311397D-01 -0.191779674097D-01 -0.256894547601D-02
  0.778872158322D-01 -0.120718896499D+00 -0.362832062213D-01  0.209829952893D+00
 -0.274637988375D+00 -0.817067307228D-01 -0.297127134483D-01  0.673915533597D-02
 -0.145182496026D-01  0.258111944633D-02  0.108152627632D-01  0.754586787035D-02
  0.937170991474D-03  0.881947267668D-02  0.152939475708D-01  0.135760230375D-01
  0.316090972884D-02  0.657587058085D-02 -0.251846350276D+00  0.405682793844D+00
 -0.271538747196D-02 -0.463673529860D-03  0.284590383349D-02  0.761422878462D-02
 -0.281326582382D-02 -0.142233931002D-01  0.393755267908D-02  0.452473525334D-01
 -0.243386948132D-01  0.575690660188D-02 -0.299818415941D-01 -0.126373009984D-01
 -0.952891734178D-02  0.149973517597D-01  0.404368581060D-01  0.602348888517D-02
 -0.191461413178D-01  0.448370964990D-01  0.174842064170D-01  0.125251452546D-01
 -0.279476842034D-01 -0.246035052638D-01 -0.127077011619D-01  0.899479694784D-02
 -0.624497696084D-02  0.345552842343D-01  0.272060263626D-01  0.357671698996D-01
 -0.479577468648D-01 -0.166196451561D-01  0.104910541206D+00 -0.897090422749D-01
 -0.148342910694D+00  0.370406756731D-02 -0.306174750734D-02  0.119956007755D-01
 -0.237199372570D-01 -0.367266480507D-01  0.390818840690D-01  0.816771041539D-02
 -0.473988751024D-03 -0.302141437077D-01 -0.121570437757D-01  0.122003543173D-01
 -0.385351151736D-01 -0.114396104385D+00  0.123516308777D+00  0.137460721253D+00
$end
